0 0 0 0 0 0 0 0 0 0 0 0 0 0 0 0 0 0 0 0 0 0 0 0 0 0 0 0 0 0 0 0 0 0 0 0 0 0 0 0 0 0 0 0 0 0 0 0 0 0 0 0 0 0 0 0 0 0 0 0 0 0 0 0 0 0 0 0 0 0 0 0 0 0 0 0 0 0 0 0 0 0 0 0 0 0 0 0 0 0 0 0 0 0 0 0 0 0 0 0 0 0 0 0 0 0 0 0 0 0 0 0 0 0 0 0 0 0 0 0 0 0 0 0 0 0 0 0 0 0 0 0 0 0 0 0 0 0 0 0 0 0 0 0 0 0 0 0 0 0 0 0 0 0 0 0 0 0 0 0 0 0 0 0 0 0 0 0 0 0 0 0 0 0 0 0 0 0 0 0 0 0 0 0 0 0 0 0 0 0 0 0 0 0 0 0 0 0 0 0 0 0 0 0 0 0 0 0 0 0 0 0 0 0 0 0 0 0 0 0 0 0 0 0 0 0 0 0 0 0 0 0 0 0 0 0 0 0 0 0 0 0 0 0 0 0 0 0 0 0 0 0 0 0 0 0 0 0 0 0 0 0 0 0 0 0 0 0 0
0 0 0 0 0 0 0 0 0 0 0 0 0 0 0 0 0 0 0 0 0 0 0 0 0 0 0 0 0 0 0 0 0 0 0 0 0 0 0 0 0 0 0 0 0 0 0 0 0 0 0 0 0 0 0 0 0 0 0 0 0 0 0 0 0 0 0 0 0 0 0 0 0 0 0 0 0 0 0 0 0 0 0 0 0 0 0 0 0 0 0 0 0 0 0 0 0 0 0 0 0 0 0 0 0 0 0 0 0 0 0 0 0 0 0 0 0 0 0 0 0 0 0 0 0 0 0 0 0 0 0 0 0 0 0 0 0 0 0 0 0 0 0 0 0 0 0 0 0 0 0 0 0 0 0 0 0 0 0 0 0 0 0 0 0 0 0 0 0 0 0 0 0 0 0 0 0 0 0 0 0 0 0 0 0 0 0 0 0 0 0 0 0 0 0 0 0 0 0 0 0 0 0 0 0 0 0 0 0 0 0 0 0 0 0 0 0 0 0 0 0 0 0 0 0 0 0 0 0 0 0 0 0 0 0 0 0 0 0 0 0 0 0 0 0 0 0 0 0 0 0 0 0 0 0 0 0 0 0 0 0 0 0 0 0 0 0 0 0
0 0 0 0 0 0 0 0 0 0 0 0 0 0 0 0 0 0 0 0 0 0 0 0 0 0 0 0 0 0 0 0 0 0 0 0 0 0 0 0 0 0 0 0 0 0 0 0 0 0 0 0 0 0 0 0 0 0 0 0 0 0 0 0 0 0 0 0 0 0 0 0 0 0 0 0 0 0 0 0 0 0 0 0 0 0 0 0 0 0 0 0 0 0 0 0 0 0 0 0 0 0 0 0 0 0 0 0 0 0 0 0 0 0 0 0 0 0 0 0 0 0 0 0 0 0 0 0 0 0 0 0 0 0 0 0 0 0 0 0 0 0 0 0 0 0 0 0 0 0 0 0 0 0 0 0 0 0 0 0 0 0 0 0 0 0 0 0 0 0 0 0 0 0 0 0 0 0 0 0 0 0 0 0 0 0 0 0 0 0 0 0 0 0 0 0 0 0 0 0 0 0 0 0 0 0 0 0 0 0 0 0 0 0 0 0 0 0 0 0 0 0 0 0 0 0 0 0 0 0 0 0 0 0 0 0 0 0 0 0 0 0 0 0 0 0 0 0 0 0 0 0 0 0 0 0 0 0 0 0 0 0 0 0 0 0 0 0 0
0 0 0 0 0 0 0 0 0 0 0 0 0 0 0 0 0 0 0 0 0 0 0 0 0 0 0 0 0 0 0 0 0 1 1 1 0 0 0 0 0 0 0 0 0 0 0 0 0 0 0 0 0 0 0 0 0 0 0 0 0 0 0 0 0 0 0 0 0 0 0 0 0 0 0 0 0 0 0 0 0 0 0 0 0 0 0 0 0 0 0 0 0 0 0 0 0 0 0 0 0 0 0 0 0 0 0 0 0 0 0 0 0 0 0 0 0 0 0 0 0 0 0 0 0 0 0 0 0 0 0 0 0 0 0 0 0 0 0 0 0 0 0 0 0 0 0 0 0 0 0 0 0 0 0 0 0 0 0 0 0 0 0 0 0 0 0 0 0 0 0 0 0 0 0 0 0 0 0 0 0 0 0 0 0 0 0 0 0 0 0 0 0 0 0 0 0 0 0 0 0 0 0 0 0 0 0 0 0 0 0 0 0 0 0 0 0 0 0 0 0 0 0 0 0 0 0 0 0 0 0 0 0 0 0 0 0 0 0 0 0 0 0 0 0 0 0 0 0 0 0 0 0 0 0 0 0 0 0 0 0 0 0 0 0 0 0 0 0
0 0 0 0 0 0 0 0 0 0 0 0 0 0 0 0 0 0 0 0 0 0 0 0 0 0 0 0 0 0 0 0 0 1 1 1 1 0 0 0 0 0 0 0 0 0 0 0 0 0 0 0 0 0 0 0 0 0 0 0 0 0 0 0 0 0 0 0 0 0 0 0 0 0 0 0 0 0 0 0 0 0 0 0 0 0 0 0 0 0 0 0 0 0 0 0 0 0 0 0 0 0 0 0 0 0 0 0 0 0 0 0 0 0 0 0 0 0 0 0 0 0 0 0 0 0 0 0 0 0 0 0 0 0 0 0 0 0 0 0 0 0 0 0 0 0 0 0 0 0 0 0 0 0 0 0 0 0 0 0 0 0 0 0 0 0 0 0 0 0 0 0 0 0 0 0 0 0 0 0 0 0 0 0 0 0 0 0 0 0 0 0 0 0 0 0 0 0 0 0 0 0 0 0 0 0 0 0 0 0 0 0 0 0 0 0 0 0 0 0 0 0 0 0 0 0 0 0 0 0 0 0 0 0 0 0 0 0 0 0 0 0 0 0 0 0 0 0 0 0 0 0 0 0 0 0 0 0 0 0 0 0 0 0 0 0 0 0 0
0 0 0 0 0 0 0 0 0 0 0 0 0 0 0 0 0 0 0 0 0 0 0 0 0 0 0 0 0 0 0 0 0 1 1 1 1 1 0 0 0 0 0 0 0 0 0 0 0 0 0 0 0 0 0 0 0 0 0 0 0 0 0 0 0 0 0 0 0 0 0 0 0 0 0 0 0 0 0 0 0 0 0 0 0 0 0 0 0 0 0 0 0 0 0 0 0 0 0 0 0 0 0 0 0 0 0 0 0 0 0 0 0 0 0 0 0 0 0 0 0 0 0 0 0 0 0 0 0 0 0 0 0 0 0 0 0 0 0 0 0 0 0 0 0 0 0 0 0 0 0 0 0 0 0 0 0 0 0 0 0 0 0 0 0 0 0 0 0 0 0 0 0 0 0 0 0 0 0 0 0 0 0 0 0 0 0 0 0 0 0 0 0 0 0 0 0 0 0 0 0 0 0 0 0 0 0 0 0 0 0 0 0 0 0 0 0 0 0 0 0 0 0 0 0 0 0 0 0 0 0 0 0 0 0 0 0 0 0 0 0 0 0 0 0 0 0 0 0 0 0 0 0 0 0 0 0 0 0 0 0 0 0 0 0 0 0 0 0
0 0 0 0 0 0 0 0 0 0 0 0 0 0 0 0 0 0 0 0 0 0 0 0 0 0 0 0 0 0 0 0 0 0 1 1 1 1 0 0 0 0 0 0 0 0 0 0 0 0 0 0 0 0 0 0 0 0 0 0 0 0 0 0 0 0 0 0 0 0 0 0 0 0 0 0 0 0 0 0 0 0 0 0 0 0 0 0 0 0 0 0 0 0 0 0 0 0 0 0 0 0 0 0 0 0 0 0 0 0 0 0 0 0 0 0 0 0 0 0 0 0 0 0 0 0 0 0 0 0 0 0 0 0 0 0 0 0 0 0 0 0 0 0 0 0 0 0 0 0 0 0 0 0 0 0 0 0 0 0 0 0 0 0 0 0 0 0 0 0 0 0 0 0 0 0 0 0 0 0 0 0 0 0 0 0 0 0 0 0 0 0 0 0 0 0 0 0 0 0 0 0 0 0 0 0 0 0 0 0 0 0 0 0 0 0 0 0 0 0 0 0 0 0 0 0 0 0 0 0 0 0 0 0 0 0 0 0 0 0 0 0 0 0 0 0 0 0 0 0 0 0 0 0 0 0 0 0 0 0 0 0 0 0 0 0 0 0 0
0 0 0 0 0 0 0 0 0 0 0 0 0 0 0 0 0 0 0 0 0 0 0 0 0 0 0 0 0 0 0 0 0 0 0 1 1 1 1 0 0 0 0 0 0 0 0 0 0 0 0 0 0 0 0 0 0 0 0 0 0 0 0 0 0 0 0 0 0 0 0 0 0 0 0 0 0 0 0 0 0 0 0 0 0 0 0 0 0 0 0 0 0 0 0 0 0 0 0 0 0 0 0 0 0 0 0 0 0 0 0 0 0 0 0 0 0 0 0 0 0 0 0 0 0 0 0 0 0 0 0 0 0 0 0 0 0 0 0 0 0 0 0 0 0 0 0 0 0 0 0 0 0 0 0 0 0 0 0 0 0 0 0 0 0 0 0 0 0 0 0 0 0 0 0 0 0 0 0 0 0 0 0 0 0 0 0 0 0 0 0 0 0 0 0 0 0 0 0 0 0 0 0 0 0 0 0 0 0 0 0 0 0 0 0 0 0 0 0 0 0 0 0 0 0 0 0 0 0 0 0 0 0 0 0 0 0 0 0 0 0 0 0 0 0 0 0 0 0 0 0 0 0 0 0 0 0 0 0 0 0 0 0 0 0 0 0 0 0
0 0 0 0 0 0 0 0 0 0 0 0 0 0 0 0 0 0 0 0 0 0 0 0 0 0 0 0 0 0 0 0 0 0 0 1 1 1 1 1 0 0 0 0 0 0 0 0 0 0 0 0 0 0 0 0 0 0 0 0 0 0 0 0 0 0 0 0 0 0 0 0 0 0 0 0 0 0 0 0 0 0 0 0 0 0 0 0 0 0 0 0 0 0 0 0 0 0 0 0 0 0 0 0 0 0 0 0 0 0 0 0 0 0 0 0 0 0 0 0 0 0 0 0 0 0 0 0 0 0 0 0 0 0 0 0 0 0 0 0 0 0 0 0 0 0 0 0 0 0 0 0 0 0 0 0 0 0 0 0 0 0 0 0 0 0 0 0 0 0 0 0 0 0 0 0 0 0 0 0 0 0 0 0 0 0 0 0 0 0 0 0 0 0 0 0 0 0 0 0 0 0 0 0 0 0 0 0 0 0 0 0 0 0 0 0 0 0 0 0 0 0 0 0 0 0 0 0 0 0 0 0 0 0 0 0 0 0 0 0 0 0 0 0 0 0 0 0 0 0 0 0 0 0 0 0 0 0 0 0 0 0 0 0 0 0 0 0 0
0 0 0 0 0 0 0 0 0 0 0 0 0 0 0 0 0 0 0 0 0 0 0 0 0 0 0 0 0 0 0 0 0 0 0 1 1 1 1 1 0 0 0 0 0 0 0 0 0 0 0 0 0 0 0 0 0 0 0 0 0 0 0 0 0 0 0 0 0 0 0 0 0 0 0 0 0 0 0 0 0 0 0 0 0 0 0 0 0 0 0 0 0 0 0 0 0 0 0 0 0 0 0 0 0 0 0 0 0 0 0 0 0 0 0 0 0 0 0 0 0 0 0 0 0 0 0 0 0 0 0 0 0 0 0 0 0 0 0 0 0 0 0 0 0 0 0 0 0 0 0 0 0 0 0 0 0 0 0 0 0 0 0 0 0 0 0 0 0 0 0 0 0 0 0 0 0 0 0 0 0 0 0 0 0 0 0 0 0 0 0 0 0 0 0 0 0 0 0 0 0 0 0 0 0 0 0 0 0 0 0 0 0 0 0 0 0 0 0 0 0 0 0 0 0 0 0 0 0 0 0 0 0 0 0 0 0 0 0 0 0 0 0 0 0 0 0 0 0 0 0 0 0 0 0 0 0 0 0 0 0 0 0 0 0 0 0 0 0
0 0 0 0 0 0 0 0 0 0 0 0 0 0 0 0 0 0 0 0 0 0 0 0 0 0 0 0 0 0 0 0 0 0 0 1 1 1 1 1 1 0 0 0 0 0 0 0 0 0 0 0 0 0 0 0 0 0 0 0 0 0 0 0 0 0 0 0 0 0 0 0 0 0 0 0 0 0 0 0 0 3 3 3 3 2 0 0 0 0 0 0 0 0 0 0 0 0 0 0 0 0 0 0 0 0 0 0 0 0 0 0 0 0 0 0 0 0 0 0 0 0 0 0 0 0 0 0 0 0 0 0 0 0 0 0 0 0 0 0 0 0 0 0 0 0 0 0 0 0 0 0 0 0 0 0 0 0 0 0 0 0 0 0 0 0 0 0 0 0 0 0 0 0 0 0 0 0 0 0 0 0 0 0 0 0 0 0 0 0 0 0 0 0 0 0 0 0 0 0 0 0 0 0 0 0 0 0 0 0 0 0 0 0 0 0 0 0 0 0 0 0 0 0 0 0 0 0 0 0 0 0 0 0 0 0 0 0 0 0 0 0 0 0 0 0 0 0 0 0 0 0 0 0 0 0 0 0 0 0 0 0 0 0 0 0 0 0 0
0 0 0 0 0 0 0 0 0 0 0 0 0 0 0 0 0 0 0 0 0 0 0 0 0 0 0 0 0 0 0 0 0 0 0 1 1 1 1 1 1 1 0 0 0 0 0 0 0 0 0 0 0 0 0 0 0 0 0 0 0 0 0 0 0 0 0 0 0 0 0 0 0 0 0 0 0 0 0 0 0 3 3 3 3 2 2 2 2 2 2 0 0 0 0 0 0 0 0 0 0 0 0 0 0 0 0 0 0 0 0 0 0 0 0 0 0 0 0 0 0 0 0 0 0 0 0 0 0 0 0 0 0 0 0 0 0 0 0 0 0 0 0 0 0 0 0 0 0 0 0 0 0 0 0 0 0 0 0 0 0 0 0 0 0 0 0 0 0 0 0 0 0 0 0 0 0 0 0 0 0 0 0 0 0 0 0 0 0 0 0 0 0 0 0 0 0 0 0 0 0 0 0 0 0 0 0 0 0 0 0 0 0 0 0 0 0 0 0 0 0 0 0 0 0 0 0 0 0 0 0 0 0 0 0 0 0 0 0 0 0 0 0 0 0 0 0 0 0 0 0 0 0 0 0 0 0 0 0 0 0 0 0 0 0 0 0 0 0
0 0 0 0 0 0 0 0 0 0 0 0 0 0 0 0 0 0 0 0 0 0 0 0 0 0 0 0 0 0 0 0 0 0 0 0 1 1 1 1 1 1 1 0 0 0 0 0 0 0 0 0 0 0 0 0 0 0 0 0 0 0 0 0 0 0 4 4 4 0 0 0 0 0 0 0 0 0 0 3 3 3 3 3 3 2 2 2 2 2 2 2 0 0 0 0 0 0 0 0 0 0 0 0 0 0 0 0 0 0 0 0 0 0 0 0 0 0 0 0 0 0 0 0 0 0 0 0 0 0 0 0 0 0 0 0 0 0 0 0 0 0 0 0 0 0 0 0 0 0 0 0 0 0 0 0 0 0 0 0 0 0 0 0 0 0 0 0 0 0 0 0 0 0 0 0 0 0 0 0 0 0 0 0 0 0 0 0 0 0 0 0 0 0 0 0 0 0 0 0 0 0 0 0 0 0 0 0 0 0 0 0 0 0 0 0 0 0 0 0 0 0 0 0 0 0 0 0 0 0 0 0 0 0 0 0 0 0 0 0 0 0 0 0 0 0 0 0 0 0 0 0 0 0 0 0 0 0 0 0 0 0 0 0 0 0 0 0 0
0 0 0 0 0 0 0 0 0 0 0 0 0 0 0 0 0 0 0 0 0 0 0 0 0 5 0 0 0 0 0 0 0 0 0 0 1 1 1 1 1 1 1 1 0 0 0 0 0 0 0 0 0 0 0 0 0 0 0 0 0 0 0 0 0 4 4 4 4 4 0 0 0 0 0 0 0 6 3 3 3 3 3 3 3 2 2 2 2 2 2 2 0 0 0 0 0 0 0 0 0 0 0 0 0 0 0 0 0 0 0 0 0 0 0 0 0 0 0 0 0 0 0 0 0 0 0 0 0 0 0 0 0 0 0 0 0 0 0 0 0 0 0 0 0 0 0 0 0 0 0 0 0 0 0 0 0 0 0 0 0 0 0 0 0 0 0 0 0 0 0 0 0 0 0 0 0 0 0 0 0 0 0 0 0 0 0 0 0 0 0 0 0 0 0 0 0 0 0 0 0 0 0 0 0 0 0 0 0 0 0 0 0 0 0 0 0 0 0 0 0 0 0 0 0 0 0 0 0 0 0 0 0 0 0 0 0 0 0 0 0 0 0 0 0 0 0 0 0 0 0 0 0 0 0 0 0 0 0 0 0 0 0 0 0 0 0 0 0
0 0 0 0 0 0 0 0 0 0 0 0 0 0 0 0 0 0 0 0 0 0 0 0 0 5 5 5 0 0 0 0 0 0 0 0 0 1 1 1 1 1 1 1 0 0 0 0 0 0 0 0 0 0 0 0 0 7 7 0 0 0 0 0 4 4 4 4 4 4 4 0 0 6 6 6 6 6 3 3 3 3 3 3 3 2 2 2 2 2 2 2 2 0 0 0 0 0 0 0 0 0 0 0 0 0 0 0 0 0 0 0 0 0 0 0 0 0 0 0 0 0 0 0 0 0 0 0 0 0 0 0 0 0 0 0 0 0 0 0 0 0 0 0 0 0 0 0 0 0 0 0 0 0 0 0 0 0 0 0 0 0 0 0 0 0 0 0 0 0 0 0 0 0 0 0 0 0 0 0 0 0 0 0 0 0 0 0 0 0 0 0 0 0 0 0 0 0 0 0 0 0 0 0 0 0 0 0 0 0 0 0 0 0 0 0 0 0 0 0 0 0 0 0 0 0 0 0 0 0 0 0 0 0 0 0 0 0 0 0 0 0 0 0 0 0 0 0 0 0 0 0 0 0 0 0 0 0 0 0 0 0 0 0 0 0 0 0 0
0 0 0 0 0 0 0 0 0 0 0 0 0 0 0 0 0 0 0 0 0 0 0 0 0 5 5 5 5 5 5 0 0 0 0 0 0 0 1 1 1 1 1 1 0 0 0 0 0 0 0 0 0 0 0 0 7 7 7 7 0 4 4 4 4 4 4 4 4 4 4 6 6 6 6 6 6 6 3 3 3 3 3 2 2 2 2 2 2 2 2 2 2 0 0 0 0 0 0 0 0 0 0 0 0 0 0 0 0 0 0 0 0 0 0 0 0 0 0 0 0 0 0 0 0 0 0 0 0 0 0 0 0 0 0 0 0 0 0 0 0 0 0 0 0 0 0 0 0 0 0 0 0 0 0 0 0 0 0 0 0 0 0 0 0 0 0 0 0 0 0 0 0 0 0 0 0 0 0 0 0 0 0 0 0 0 0 0 0 0 0 0 0 0 0 0 0 0 0 0 0 0 0 0 0 0 0 0 0 0 0 0 0 0 0 0 0 0 0 0 0 0 0 0 0 0 0 0 0 0 0 0 0 0 0 0 0 0 0 0 0 0 0 0 0 0 0 0 0 0 0 0 0 0 0 0 0 0 0 0 0 0 0 0 0 0 0 0 0
0 0 0 0 0 0 0 0 0 0 0 0 0 0 0 0 0 0 0 0 0 0 0 0 0 5 5 5 5 5 5 5 0 0 0 0 0 0 1 1 1 1 1 1 0 0 0 0 0 0 0 0 0 0 0 7 7 7 7 7 4 4 4 4 4 4 4 4 4 4 4 6 6 6 6 6 6 6 3 3 3 3 3 3 2 2 2 2 2 2 8 8 8 0 0 0 0 0 0 0 0 0 0 0 0 0 0 0 0 0 0 0 0 0 0 0 0 0 0 0 0 0 0 0 0 0 0 0 0 0 0 0 0 0 0 0 0 0 0 0 0 0 0 0 0 0 0 0 0 0 0 0 0 0 0 0 0 0 0 0 0 0 0 0 0 0 0 0 0 0 0 0 0 0 0 0 0 0 0 0 0 0 0 0 0 0 0 0 0 0 0 0 0 0 0 0 0 0 0 0 0 0 0 0 0 0 0 0 0 0 0 0 0 0 0 0 0 0 0 0 0 0 0 0 0 0 0 0 0 0 0 0 0 0 0 0 0 0 0 0 0 0 0 0 0 0 0 0 0 0 0 0 0 0 0 0 0 0 0 0 0 0 0 0 0 0 0 0 0
0 0 0 0 0 0 0 0 0 0 0 0 0 0 0 0 0 0 0 0 0 0 0 0 5 5 5 5 5 5 5 5 5 5 0 0 0 1 1 1 1 1 1 1 0 0 0 0 0 0 0 0 0 0 0 7 7 7 7 7 4 4 4 4 4 4 4 4 4 6 6 6 6 6 6 6 6 6 3 3 3 3 3 3 2 2 2 2 2 2 8 8 8 8 0 0 0 0 0 0 0 0 0 0 0 0 0 0 0 0 0 0 0 0 0 0 0 0 0 0 0 0 0 0 0 0 0 0 0 0 0 0 0 0 0 0 0 0 0 0 0 0 0 0 0 0 0 0 0 0 0 0 0 0 0 0 0 0 0 0 0 0 0 0 0 0 0 0 0 0 0 0 0 0 0 0 0 0 0 0 0 0 0 0 0 0 0 0 0 0 0 0 0 0 0 0 0 0 0 0 0 0 0 0 0 0 0 0 0 0 0 0 0 0 0 0 0 0 0 0 0 0 0 0 0 0 0 0 0 0 0 0 0 0 0 0 0 0 0 0 0 0 0 0 0 0 0 0 0 0 0 0 0 0 0 0 0 0 0 0 0 0 0 0 0 0 0 0 0
0 0 0 0 0 0 0 0 0 0 0 0 0 0 0 0 0 0 0 0 0 0 0 0 5 5 5 5 5 5 5 5 5 5 5 5 5 1 1 1 1 1 1 1 0 7 7 0 0 0 0 0 0 0 7 7 7 7 7 7 4 4 4 4 4 4 4 4 6 6 6 6 6 6 6 6 6 6 3 3 3 3 3 3 2 2 2 2 2 8 8 8 8 8 8 0 0 0 0 0 0 0 0 0 0 0 0 0 0 0 0 0 0 10 0 0 0 0 0 0 0 0 0 0 0 0 0 0 0 0 0 0 0 0 0 0 0 0 0 0 0 0 0 0 0 0 0 0 0 0 0 0 0 0 0 0 0 0 0 0 0 0 0 0 0 0 0 0 0 0 0 0 0 0 0 0 0 0 0 0 0 0 0 0 0 0 0 0 0 0 0 0 0 0 0 0 0 0 0 0 0 0 0 0 0 0 0 0 0 0 0 0 0 0 0 0 0 0 0 0 0 0 0 0 0 0 0 0 0 0 0 0 0 0 0 0 0 0 0 0 0 0 0 0 0 0 0 0 0 0 0 0 0 0 0 0 0 0 0 0 0 0 0 0 0 0 0 0 0
0 0 0 0 0 0 0 0 0 0 0 0 0 0 0 0 0 0 0 0 0 0 9 9 9 5 5 5 5 5 5 5 5 5 5 5 5 1 1 1 1 1 1 1 1 7 7 7 0 0 7 7 7 7 7 7 7 7 7 7 4 4 4 4 4 4 4 6 6 6 6 6 6 6 6 6 6 6 3 3 3 3 3 2 2 2 2 2 8 8 8 8 8 8 12 12 12 12 0 0 0 0 0 0 0 0 0 0 0 0 0 0 10 10 10 0 0 0 0 0 0 0 0 0 0 0 0 0 0 0 0 0 0 0 0 0 0 0 0 0 0 0 0 0 0 0 0 0 0 0 0 0 0 0 0 0 0 0 0 0 0 0 0 0 0 0 0 0 0 0 0 0 0 0 0 0 0 0 0 0 0 0 0 0 0 0 0 0 0 0 0 0 0 0 0 0 0 0 0 0 0 0 0 0 0 0 0 0 0 0 0 0 0 0 0 0 0 0 0 0 0 0 0 0 0 0 0 0 0 0 0 0 0 0 0 0 0 0 0 0 0 0 0 0 0 0 0 0 0 0 0 0 0 0 0 0 0 0 0 0 0 0 0 0 0 0 0 0 0
0 0 0 0 0 0 0 0 0 0 0 0 0 0 0 0 0 0 0 0 0 9 9 9 9 5 5 5 5 5 5 5 5 5 5 5 5 5 1 1 1 1 1 1 1 7 7 7 7 7 7 7 7 7 7 7 7 7 7 4 4 4 4 4 4 4 6 6 6 6 6 6 6 6 6 6 6 6 8 8 8 3 3 2 2 2 2 8 8 8 8 8 8 8 12 12 12 12 12 0 0 0 0 0 0 0 0 0 0 0 10 10 10 10 10 10 10 10 0 0 0 0 0 0 0 0 0 0 0 0 0 0 0 0 0 0 0 0 0 0 0 0 0 0 0 0 0 0 0 0 0 0 0 0 0 0 0 0 0 0 0 0 0 0 0 0 0 0 0 0 0 0 0 0 0 0 0 0 0 0 0 0 0 0 0 0 0 0 0 0 0 0 0 0 0 0 0 0 0 0 0 0 0 0 0 0 0 0 0 0 0 0 0 0 0 0 0 0 0 0 0 0 0 0 0 0 0 0 0 0 0 0 0 0 0 0 0 0 0 0 0 0 0 0 0 0 0 0 0 0 0 0 0 0 0 0 0 0 0 0 0 0 0 0 0 0 0 0 0
0 0 0 0 0 0 0 0 0 0 0 0 0 0 0 11 11 11 0 9 9 9 9 9 9 9 9 9 9 5 5 5 5 5 5 5 5 5 5 1 1 1 1 1 1 1 7 7 7 7 7 7 7 7 7 7 7 7 4 4 4 4 4 4 4 6 6 6 6 6 6 6 6 6 6 6 6 6 8 8 8 8 8 3 2 8 8 8 8 8 8 8 8 12 12 12 12 12 12 12 12 0 0 0 0 0 0 0 0 10 10 10 10 10 10 10 10 10 10 0 0 0 0 0 0 0 0 0 0 0 0 0 0 0 0 0 0 0 0 0 0 0 0 0 0 0 0 0 0 0 0 0 0 0 0 0 0 0 0 0 0 0 0 0 0 0 0 0 0 0 0 0 0 0 0 0 0 0 0 0 0 0 0 0 0 0 0 0 0 0 0 0 0 0 0 0 0 0 0 0 0 0 0 0 0 0 0 0 0 0 0 0 0 0 0 0 0 0 0 0 0 0 0 0 0 0 0 0 0 0 0 0 0 0 0 0 0 0 0 0 0 0 0 0 0 0 0 0 0 0 0 0 0 0 0 0 0 0 0 0 0 0 0 0 0 0 0 0 0
0 0 0 0 0 0 0 0 0 0 13 13 13 11 11 11 11 11 11 9 9 9 9 9 9 9 9 9 9 5 5 5 5 5 5 5 5 5 5 5 1 1 1 1 1 1 1 7 7 7 7 7 7 7 7 7 7 7 4 4 4 4 4 4 4 6 6 6 6 6 6 6 6 6 6 6 6 6 8 8 8 8 8 8 8 8 8 8 8 8 8 8 12 12 12 12 12 12 12 12 12 12 0 0 0 0 0 0 10 10 10 10 10 10 10 10 10 10 10 0 0 0 0 0 0 0 0 0 0 0 0 0 0 0 0 0 0 0 0 0 0 0 0 0 0 0 0 0 0 0 0 0 0 0 0 0 0 0 0 0 0 0 0 0 0 0 0 0 0 0 0 0 0 0 0 0 0 0 0 0 0 0 0 0 0 0 0 0 0 0 0 0 0 0 0 0 0 0 0 0 0 0 0 0 0 0 0 0 0 0 0 0 0 0 0 0 0 0 0 0 0 0 0 0 0 0 0 0 0 0 0 0 0 0 0 0 0 0 0 0 0 0 0 0 0 0 0 0 0 0 0 0 0 0 0 0 0 0 0 0 0 0 0 0 0 0 0 0 0
0 0 0 0 0 0 0 0 13 13 13 13 11 11 11 11 11 11 11 9 9 9 9 9 9 9 9 9 9 9 5 5 5 5 5 5 5 5 5 5 1 1 1 1 1 1 1 1 7 7 7 7 7 7 7 7 7 4 4 4 4 4 4 16 6 6 6 6 6 6 6 6 6 6 6 6 6 8 8 8 8 8 8 8 8 8 8 8 8 8 8 8 12 12 12 12 12 12 12 12 12 12 12 0 0 0 10 10 10 10 10 10 10 10 10 10 10 10 10 10 10 0 0 0 0 0 0 0 0 0 0 0 0 0 0 0 0 0 0 0 0 0 0 0 0 0 0 0 0 0 0 0 0 0 0 0 0 0 0 0 0 0 0 0 0 0 0 0 0 0 0 0 0 0 0 0 0 0 0 0 0 0 0 0 0 0 0 0 0 0 0 0 0 0 0 0 0 0 0 0 0 0 0 0 0 0 0 0 0 0 0 0 0 0 0 0 0 0 0 0 0 0 0 0 0 0 0 0 0 0 0 0 0 0 0 0 0 0 0 0 0 0 0 0 0 0 0 0 0 0 0 0 0 0 0 0 0 0 0 0 0 0 0 0 0 0 0 0 0
0 0 0 0 0 0 0 13 13 13 13 13 11 11 11 11 11 11 11 11 9 9 9 9 9 9 9 9 9 9 9 9 9 5 5 5 5 5 5 5 5 1 1 1 1 1 1 1 7 7 7 7 7 7 7 7 7 4 4 14 14 4 16 16 16 6 6 6 6 6 6 6 6 6 6 6 6 8 8 8 8 8 8 8 8 8 8 8 8 8 8 8 12 12 12 12 12 12 12 12 12 12 20 20 20 0 10 10 10 10 10 10 10 10 10 10 10 10 10 10 10 0 0 0 0 0 0 0 0 0 0 0 0 0 0 0 0 0 0 0 0 0 0 0 0 0 0 0 0 0 0 0 0 0 0 0 0 0 0 0 0 0 0 0 0 0 0 0 0 0 0 0 0 0 0 0 0 0 0 0 0 0 0 0 0 0 0 0 0 0 0 0 0 0 0 0 0 0 0 0 0 0 0 0 0 0 0 0 0 0 0 0 0 0 0 0 0 0 0 0 0 0 0 0 0 0 0 0 0 0 0 0 0 0 0 0 0 0 0 0 0 0 0 0 0 0 0 0 0 0 0 0 0 0 0 0 0 0 0 0 0 0 0 0 0 0 0 0 0
0 0 0 0 0 0 13 13 13 13 13 13 11 11 11 11 11 11 11 11 11 9 9 9 9 9 9 9 9 9 9 9 9 9 9 5 5 5 5 5 5 5 1 1 1 1 1 1 1 7 7 7 7 7 7 7 4 4 14 14 14 16 16 16 6 6 6 6 6 6 6 6 6 6 6 6 6 8 8 8 8 8 8 8 8 8 8 8 8 8 8 8 12 12 12 12 12 12 12 12 12 12 20 20 20 20 10 10 10 10 10 10 10 10 10 10 10 10 10 10 10 10 10 10 10 0 0 0 0 0 0 0 0 0 0 0 0 0 0 0 0 0 0 0 0 0 0 0 0 0 0 0 0 0 0 0 0 0 0 0 0 0 0 0 0 0 0 0 0 0 0 0 0 0 0 0 0 0 0 0 0 0 0 0 0 0 0 0 0 0 0 0 0 0 0 0 0 0 0 0 0 0 0 0 0 0 0 0 0 0 0 0 0 0 0 0 0 0 0 0 0 0 0 0 0 0 0 0 0 0 0 0 0 0 0 0 0 0 0 0 0 0 0 0 0 0 0 0 0 0 0 0 0 0 0 0 0 0 0 0 0 0 0 0 0 0 0 0 0
0 0 0 0 0 0 0 13 13 13 13 13 11 11 11 11 11 11 11 11 11 9 9 9 9 9 9 9 9 9 9 9 9 9 9 9 9 5 5 5 5 5 1 1 1 1 1 1 1 1 7 7 7 7 7 4 4 14 14 14 16 16 16 16 6 6 6 6 6 6 6 6 6 6 6 6 6 8 8 8 8 8 8 8 8 8 8 8 8 8 8 8 12 12 12 12 12 12 12 12 12 20 20 20 20 20 10 10 10 10 10 10 10 10 10 10 10 10 10 10 10 10 10 10 10 10 21 21 21 0 0 0 0 0 0 0 0 0 0 0 0 0 0 0 0 0 0 0 0 0 0 0 0 0 0 0 0 0 0 0 0 0 0 0 0 0 0 0 0 0 0 0 0 0 0 0 0 0 0 0 0 0 0 0 0 0 0 0 0 0 0 0 0 0 0 0 0 0 0 0 0 0 0 0 0 0 0 0 0 0 0 0 0 0 0 0 0 0 0 0 0 0 0 0 0 0 0 0 0 0 0 0 0 0 0 0 0 0 0 0 0 0 0 0 0 0 0 0 0 0 0 0 0 0 0 0 0 0 0 0 0 0 0 0 0 0 0 0 0
0 0 0 0 0 0 0 13 13 13 13 11 11 11 11 11 11 11 11 11 11 9 9 9 9 9 9 9 9 9 9 9 9 9 9 9 9 5 5 5 5 5 5 5 5 1 1 1 1 1 15 7 7 7 4 4 14 14 14 14 16 16 16 16 16 6 6 6 6 6 6 6 6 6 6 8 8 8 8 8 8 8 8 8 8 8 8 8 8 8 8 12 12 12 12 12 12 12 12 12 12 20 20 20 20 20 20 10 10 10 10 10 10 10 10 10 10 10 10 10 10 10 10 10 10 10 21 21 21 21 21 0 0 0 0 0 0 0 0 0 0 0 0 0 0 0 0 0 0 0 0 0 0 0 0 0 0 0 0 0 0 0 0 0 0 0 0 0 0 0 0 0 0 0 0 0 0 0 0 0 0 0 0 0 0 0 0 0 0 0 0 0 0 0 0 0 0 0 0 0 0 0 0 0 0 0 0 0 0 0 0 0 0 0 0 0 0 0 0 0 0 0 0 0 0 0 0 0 0 0 0 0 0 0 0 0 0 0 0 0 0 0 0 0 0 0 0 0 0 0 0 0 0 0 0 0 0 0 0 0 0 0 0 0 0 0 0 0 0
0 0 0 0 0 0 0 13 13 13 11 11 11 11 11 11 11 11 11 11 11 9 9 9 9 9 9 9 9 9 9 9 9 9 9 9 9 9 5 5 5 5 5 5 5 5 5 5 1 1 15 15 15 7 4 14 14 14 14 16 16 16 16 16 16 6 6 6 6 6 6 6 6 8 8 8 8 8 8 8 8 8 8 8 8 8 8 8 8 8 8 12 12 12 12 12 12 12 12 12 20 20 20 20 20 20 20 20 10 10 10 10 10 10 10 10 10 10 10 10 10 10 10 10 21 21 21 21 21 21 21 21 0 0 0 0 0 0 0 0 0 0 0 0 0 0 0 0 0 0 0 0 0 0 0 0 0 0 0 0 0 0 0 0 0 0 0 0 0 0 0 0 0 0 0 0 0 0 0 0 0 0 0 0 0 0 0 0 0 0 0 0 0 0 0 0 0 0 0 0 0 0 0 0 0 0 0 0 0 0 0 0 0 0 0 0 0 0 0 0 0 0 0 0 0 0 0 0 0 0 0 0 0 0 0 0 0 0 0 0 0 0 0 0 0 0 0 0 0 0 0 0 0 0 0 0 0 0 0 0 0 0 0 0 0 0 0 0 0
0 0 0 0 0 0 0 13 13 13 11 11 11 11 11 11 11 17 17 17 17 9 9 9 9 9 9 9 9 9 9 9 9 9 9 9 9 9 24 5 5 5 5 5 5 5 5 5 5 1 15 15 15 15 14 14 14 14 16 16 16 16 16 16 16 6 6 6 6 6 6 8 8 8 8 8 8 8 8 8 8 8 8 8 8 8 8 8 8 8 8 12 12 12 12 12 12 12 12 12 20 20 20 20 20 20 31 29 29 10 10 10 10 10 10 10 10 10 10 10 10 10 10 21 21 21 21 21 21 21 21 21 0 0 0 0 0 0 0 0 0 0 0 0 0 0 0 0 0 0 0 0 0 0 0 0 0 0 0 0 0 0 0 0 0 0 0 0 0 0 0 0 0 0 0 0 0 0 0 0 0 0 0 0 0 0 0 0 0 0 0 0 0 0 0 0 0 0 0 0 0 0 0 0 0 0 0 0 0 0 0 0 0 0 0 0 0 0 0 0 0 0 0 0 0 0 0 0 0 0 0 0 0 0 0 0 0 0 0 0 0 0 0 0 0 0 0 0 0 0 0 0 0 0 0 0 0 0 0 0 0 0 0 0 0 0 0 0 0
0 0 0 0 0 0 0 13 13 13 11 11 11 11 11 17 17 17 17 17 17 27 9 9 9 9 9 9 9 9 9 9 9 9 9 9 9 9 24 24 24 5 5 5 5 5 5 5 5 5 15 15 15 15 14 14 14 18 16 16 16 16 16 16 16 22 6 6 6 6 6 8 8 8 8 8 8 8 8 8 8 8 8 8 8 8 8 8 8 8 8 12 12 12 12 12 12 12 12 12 20 20 20 20 20 31 31 31 29 29 10 10 10 10 10 10 10 10 10 10 10 10 10 21 21 21 21 21 21 21 21 21 33 33 0 0 33 33 0 33 33 33 0 0 0 0 0 0 0 0 0 0 0 0 0 0 0 0 0 0 0 0 0 0 0 0 0 0 0 0 0 0 0 0 0 0 0 0 0 0 0 0 0 0 0 0 0 0 0 0 0 0 0 0 0 0 0 0 0 0 0 0 0 0 0 0 0 0 0 0 0 0 0 0 0 0 0 0 0 0 0 0 0 0 0 0 0 0 0 0 0 0 0 0 0 0 0 0 0 0 0 0 0 0 0 0 0 0 0 0 0 0 0 0 0 0 0 0 0 0 0 0 0 0 0 0 0 0 0
0 0 0 0 0 0 0 13 13 13 11 11 11 17 17 17 17 17 17 17 27 27 9 9 9 9 9 9 9 9 9 9 9 9 9 9 9 9 24 24 24 24 24 5 5 5 5 5 5 5 15 15 18 18 15 14 18 18 16 16 16 16 16 16 16 22 22 22 6 6 8 8 8 8 8 8 8 8 8 8 8 8 8 8 8 8 8 8 8 8 8 12 12 12 12 12 12 12 12 12 20 20 20 20 20 31 31 29 29 29 10 10 10 10 10 10 10 10 10 10 10 10 10 21 21 21 21 21 21 21 21 33 33 33 33 33 33 33 33 33 33 33 33 33 0 0 0 0 0 0 0 0 0 0 0 0 0 0 0 0 0 0 0 0 0 0 0 0 0 0 0 0 0 0 0 0 0 0 0 0 0 0 0 0 0 0 0 0 0 0 0 0 0 0 0 0 0 0 0 0 0 0 0 0 0 0 0 0 0 0 0 0 0 0 0 0 0 0 0 0 0 0 0 0 0 0 0 0 0 0 0 0 0 0 0 0 0 0 0 0 0 0 0 0 0 0 0 0 0 0 0 0 0 0 0 0 0 0 0 0 0 0 0 0 0 0 0 0 0
0 0 0 0 0 0 0 17 17 17 17 17 17 17 17 17 17 17 17 27 27 27 27 9 9 9 9 9 9 9 9 9 9 9 9 9 9 24 24 24 24 24 24 5 5 5 5 5 5 5 15 15 18 18 18 18 18 18 16 16 25 25 25 25 25 22 22 22 6 6 8 8 8 8 8 8 8 8 8 8 8 8 8 8 8 8 8 8 8 8 8 8 12 12 12 12 12 12 12 12 20 20 20 20 20 31 31 31 29 29 29 29 10 10 10 10 10 10 10 10 10 10 21 21 21 21 21 21 21 21 36 33 33 33 33 33 33 33 33 33 33 33 33 33 33 33 33 0 0 0 0 0 0 0 0 0 0 0 0 0 0 0 0 0 0 0 0 0 0 0 0 0 0 0 0 0 0 0 0 0 0 0 0 0 0 0 0 0 0 0 0 0 0 0 0 0 0 0 0 0 0 0 0 0 0 0 0 0 0 0 0 0 0 0 0 0 0 0 0 0 0 0 0 0 0 0 0 0 0 0 0 0 0 0 0 0 0 0 0 0 0 0 0 0 0 0 0 0 0 0 0 0 0 0 0 0 0 0 0 0 0 0 0 0 0 0 0 0 0
0 0 0 0 0 0 0 17 17 17 17 17 17 17 17 17 17 17 27 27 27 27 27 27 9 9 9 9 9 9 9 9 9 9 9 9 9 24 24 24 24 24 24 24 5 5 19 19 19 19 19 19 19 19 19 18 18 16 16 25 25 25 25 25 22 22 22 22 6 8 8 8 8 8 8 8 8 8 8 8 8 8 8 8 28 28 28 28 28 28 28 28 28 12 12 12 12 12 12 12 20 20 20 20 31 31 31 31 29 29 29 29 29 10 10 10 10 10 10 10 10 10 21 21 21 21 21 21 21 36 36 33 33 33 33 33 33 33 33 33 33 33 33 33 33 33 33 33 0 0 0 0 0 0 0 0 0 0 0 0 0 0 0 0 0 0 0 0 0 0 0 0 0 0 0 0 0 0 0 0 0 0 0 0 0 0 0 0 0 0 0 0 0 0 0 0 0 0 0 0 0 0 0 0 0 0 0 0 0 0 0 0 0 0 0 0 0 0 0 0 0 0 0 0 0 0 0 0 0 0 0 0 0 0 0 0 0 0 0 0 0 0 0 0 0 0 0 0 0 0 0 0 0 0 0 0 0 0 0 0 0 0 0 0 0 0 0 0 0
0 0 0 0 0 0 0 17 17 17 17 17 17 17 17 17 17 27 27 27 27 27 27 27 9 9 9 9 9 9 9 9 9 9 9 9 9 24 24 24 24 24 24 24 24 19 19 19 19 19 19 19 19 19 19 19 18 16 25 25 25 25 25 25 22 22 22 22 22 22 22 8 8 8 8 8 8 8 8 8 8 8 8 8 28 28 28 28 28 28 28 28 28 28 12 12 12 12 12 12 20 20 20 20 31 31 31 31 29 29 29 29 29 10 10 10 10 10 10 10 21 21 21 21 21 21 21 21 36 36 36 33 33 33 33 33 33 33 33 33 33 33 33 33 33 33 33 33 0 0 0 0 0 0 0 0 0 0 0 0 0 0 0 0 0 0 0 0 0 0 0 0 0 0 0 0 0 0 0 0 0 0 0 0 0 0 0 0 0 0 0 0 0 0 0 0 0 0 0 0 0 0 0 0 0 0 0 0 0 0 0 0 0 0 0 0 0 0 0 0 0 0 0 0 0 0 0 0 0 0 0 0 0 0 0 0 0 0 0 0 0 0 0 0 0 0 0 0 0 0 0 0 0 0 0 0 0 0 0 0 0 0 0 0 0 0 0 0 0
0 0 0 0 0 0 0 17 17 17 17 17 17 17 17 17 17 27 27 27 27 27 27 27 9 9 9 9 9 9 9 9 9 9 9 9 9 9 24 24 24 24 24 24 24 19 19 19 19 19 19 19 19 23 23 23 23 16 25 25 25 25 25 25 22 22 22 22 22 22 22 22 8 8 8 35 35 35 35 35 28 28 28 28 28 28 28 28 28 28 28 28 28 28 26 26 12 12 12 20 20 20 20 31 31 31 31 31 29 29 29 29 29 29 10 10 10 10 10 21 21 21 21 21 21 21 21 21 36 36 36 33 33 33 33 33 33 33 33 33 33 33 33 33 33 33 33 33 33 33 33 0 0 0 0 0 0 0 0 0 0 0 0 0 0 0 0 0 0 0 0 0 0 0 0 0 0 0 0 0 0 0 0 0 0 0 0 0 0 0 0 0 0 0 0 0 0 0 0 0 0 0 0 0 0 0 0 0 0 0 0 0 0 0 0 0 0 0 0 0 0 0 0 0 0 0 0 0 0 0 0 0 0 0 0 0 0 0 0 0 0 0 0 0 0 0 0 0 0 0 0 0 0 0 0 0 0 0 0 0 0 0 0 0 0 0 0 0 0
0 0 0 0 0 0 0 0 17 17 17 17 17 17 17 17 27 27 27 27 27 27 27 27 40 9 9 9 9 9 9 9 9 9 9 9 9 9 24 24 24 24 24 24 24 19 19 19 19 19 19 19 23 23 25 25 25 25 25 25 25 25 25 22 22 22 22 22 22 22 22 22 22 8 35 35 35 35 35 35 28 28 28 28 28 28 28 28 28 28 28 28 28 28 26 26 26 26 26 26 20 20 20 31 31 31 31 31 29 29 29 29 29 29 29 10 10 10 10 21 21 21 21 21 21 21 21 36 36 36 36 33 33 33 33 33 33 33 33 33 33 33 33 33 33 33 33 33 33 33 43 43 0 0 0 0 0 0 0 0 0 0 0 0 0 0 0 0 0 0 0 0 0 0 0 0 0 0 0 0 0 0 0 0 0 0 0 0 0 0 0 0 0 0 0 0 0 0 0 0 0 0 0 0 0 0 0 0 0 0 0 0 0 0 0 0 0 0 0 0 0 0 0 0 0 0 0 0 0 0 0 0 0 0 0 0 0 0 0 0 0 0 0 0 0 0 0 0 0 0 0 0 0 0 0 0 0 0 0 0 0 0 0 0 0 0 0 0 0
0 0 0 0 0 0 0 0 17 17 17 17 17 17 17 17 17 27 27 27 27 27 27 27 40 40 40 9 9 9 9 9 9 9 9 9 9 9 24 24 24 24 24 24 24 24 19 19 19 19 19 19 25 25 25 25 25 25 25 25 34 34 34 22 22 22 22 22 22 22 22 22 35 35 35 35 35 35 35 35 28 28 28 28 28 28 28 28 28 28 28 28 28 26 26 26 26 26 26 26 26 26 20 20 31 31 31 31 31 29 29 29 29 29 29 29 10 10 21 21 21 21 21 21 36 36 36 36 36 36 36 33 33 33 33 33 33 33 33 33 33 33 33 33 33 33 33 33 33 33 43 43 43 43 0 0 0 0 0 0 0 0 0 0 0 0 0 0 0 0 0 0 0 0 0 0 0 0 0 0 0 0 0 0 0 0 0 0 0 0 0 0 0 0 0 0 0 0 0 0 0 0 0 0 0 0 0 0 0 0 0 0 0 0 0 0 0 0 0 0 0 0 0 0 0 0 0 0 0 0 0 0 0 0 0 0 0 0 0 0 0 0 0 0 0 0 0 0 0 0 0 0 0 0 0 0 0 0 0 0 0 0 0 0 0 0 0 0 0
0 0 0 0 0 0 0 0 0 17 17 17 17 17 17 17 17 27 27 27 27 27 27 40 40 40 40 40 9 9 9 9 9 9 9 9 9 9 24 24 24 24 24 24 24 24 19 19 19 19 19 30 25 30 25 25 30 30 25 34 34 34 34 22 22 22 22 22 22 22 22 38 35 35 35 35 35 35 35 28 28 28 28 28 28 28 28 28 28 28 28 28 26 26 26 26 26 26 26 26 26 26 26 31 31 31 31 31 31 29 29 29 29 29 29 29 32 32 32 36 36 36 36 36 36 36 36 36 33 33 33 33 33 33 33 33 33 33 33 33 33 33 33 33 33 33 33 33 33 43 43 43 43 43 44 44 44 0 0 0 0 0 0 0 0 0 0 0 47 0 0 0 0 0 0 0 0 0 0 0 0 0 0 0 0 0 0 0 0 0 0 0 0 0 0 0 0 0 0 0 0 0 0 0 0 0 0 0 0 0 0 0 0 0 0 0 0 0 0 0 0 0 0 0 0 0 0 0 0 0 0 0 0 0 0 0 0 0 0 0 0 0 0 0 0 0 0 0 0 0 0 0 0 0 0 0 0 0 0 0 0 0 0 0 0 0 0 0 0
0 0 0 0 0 0 0 0 0 17 17 17 17 17 17 17 17 27 27 27 27 27 27 40 40 40 40 40 9 9 9 9 9 9 9 9 9 24 24 24 24 24 24 24 24 24 24 30 30 30 30 30 30 30 30 30 34 34 34 34 34 34 34 22 22 22 22 22 22 38 38 38 35 35 35 35 35 35 28 28 28 28 28 28 28 28 28 28 28 28 26 26 26 26 26 26 26 26 26 26 26 26 26 31 31 31 31 31 31 31 29 29 29 29 29 29 32 32 32 36 36 36 36 36 36 36 36 33 33 33 33 33 33 33 33 33 33 33 33 33 33 33 33 33 33 33 33 33 33 43 43 43 43 44 44 44 44 44 44 44 44 44 44 0 0 0 0 47 47 47 0 0 0 0 0 0 0 0 0 0 0 0 0 0 0 0 0 0 0 0 0 0 0 0 0 0 0 0 0 0 0 0 0 0 0 0 0 0 0 0 0 0 0 0 0 0 0 0 0 0 0 0 0 0 0 0 0 0 0 0 0 0 0 0 0 0 0 0 0 0 0 0 0 0 0 0 0 0 0 0 0 0 0 0 0 0 0 0 0 0 0 0 0 0 0 0 0 0 0
0 0 0 0 0 0 0 0 50 17 17 17 17 17 17 17 27 27 27 27 27 27 27 40 40 40 40 40 40 9 9 9 9 9 9 9 9 24 24 24 24 24 24 24 24 24 24 48 30 30 30 30 30 30 30 30 34 34 34 34 34 22 22 22 22 22 22 22 38 38 38 38 35 35 35 35 35 53 28 28 28 28 28 28 28 28 28 28 28 28 26 26 26 26 26 26 26 26 26 26 26 26 26 26 31 31 31 31 31 31 31 31 29 29 29 29 29 32 36 36 36 36 36 36 36 36 33 33 33 33 33 33 33 33 33 33 33 33 33 33 33 33 33 33 33 33 33 33 33 43 43 43 43 44 44 44 44 44 44 44 44 44 44 44 47 47 47 47 47 47 47 0 0 0 0 0 0 0 0 0 0 0 0 0 0 0 0 0 0 0 0 0 0 0 0 0 0 0 0 0 0 0 0 0 0 0 0 0 0 52 0 0 0 0 0 0 0 0 0 0 0 0 0 0 0 0 0 0 0 0 0 0 0 0 0 0 0 0 0 0 0 0 0 0 0 0 0 0 0 0 0 0 0 0 0 0 0 0 0 0 0 0 0 0 0 0 0 0 0
0 0 0 0 0 0 0 0 50 50 50 17 17 17 17 27 27 27 27 27 27 27 40 40 40 40 40 40 40 9 9 9 9 9 9 9 24 24 24 24 24 24 24 24 24 24 48 48 48 30 30 30 30 30 30 34 34 34 34 34 22 22 22 22 22 22 22 38 38 38 38 35 35 35 53 53 53 53 28 28 28 28 28 28 28 28 28 28 28 28 26 26 26 26 26 26 26 26 26 26 26 26 26 26 45 45 45 31 31 31 31 31 29 29 29 29 29 32 36 36 36 36 36 36 36 33 33 33 33 33 33 33 33 33 33 33 33 33 33 33 33 33 33 33 33 33 33 33 43 43 43 43 43 44 44 44 44 44 44 44 44 44 44 44 47 47 47 47 47 47 47 47 0 0 0 0 0 0 0 0 0 0 0 0 0 0 0 0 0 0 0 0 0 0 0 0 0 0 0 0 0 0 0 0 0 0 0 0 0 52 52 0 0 0 0 0 0 0 0 0 0 0 0 0 0 0 0 0 0 0 0 0 0 0 0 0 0 0 0 0 0 0 0 0 0 0 0 0 0 0 0 0 0 0 0 0 0 0 0 0 0 0 0 0 0 0 0 0 0
0 0 0 0 0 0 0 50 50 50 50 17 17 17 27 27 27 27 27 40 40 40 40 40 40 40 40 40 40 9 9 9 9 9 9 9 24 24 24 24 24 24 24 24 48 48 48 48 48 48 30 30 30 30 34 34 34 34 34 22 22 22 38 38 22 22 38 38 38 38 35 35 53 53 53 53 53 28 28 28 28 28 28 28 28 28 28 28 28 59 26 26 26 26 26 26 26 26 26 26 26 26 26 45 45 45 45 45 31 31 31 31 31 29 29 29 32 36 36 36 36 36 36 36 33 33 33 33 33 33 33 33 33 33 33 33 33 33 33 33 33 33 33 33 33 33 43 43 43 43 43 43 43 44 44 44 44 44 44 44 44 44 44 47 47 47 47 47 47 47 47 56 56 0 0 0 0 0 0 0 0 0 0 0 0 0 0 0 0 0 0 0 51 0 0 0 0 0 0 0 0 0 0 0 0 0 0 0 0 52 52 52 0 0 0 0 0 0 0 0 0 0 0 0 0 0 0 0 0 0 0 0 0 0 0 0 0 0 0 0 0 0 0 0 0 0 0 0 0 0 0 0 0 0 0 0 0 0 0 0 0 0 0 0 0 0 0 0 0
0 0 0 0 0 0 0 50 50 50 50 37 37 37 37 37 27 40 40 40 40 40 40 40 40 40 40 40 40 41 41 9 9 9 9 24 24 24 24 24 24 24 24 48 48 48 48 48 48 48 48 30 30 34 34 34 38 38 38 38 38 38 38 38 38 38 38 38 38 35 53 53 53 53 53 53 28 28 28 28 28 28 28 28 28 28 28 28 59 59 26 26 26 26 26 26 26 26 26 26 26 26 26 45 45 45 45 45 45 31 45 45 31 42 29 39 36 36 36 36 36 36 33 33 33 33 33 33 33 33 33 33 33 33 33 33 33 33 33 33 33 33 33 33 43 43 43 43 43 43 43 43 44 44 44 44 44 44 44 44 44 44 44 47 47 47 47 47 47 47 56 56 56 56 0 0 0 0 0 0 0 0 0 0 0 0 0 0 0 0 51 51 51 51 0 0 0 0 0 0 0 0 0 0 0 0 0 0 0 52 52 52 52 52 52 52 52 0 0 0 0 0 0 0 0 0 0 0 0 0 0 0 0 0 0 0 0 0 0 0 0 0 0 0 0 0 0 0 0 0 0 0 0 0 0 0 0 0 0 0 0 0 0 0 0 0 0 0 0
0 0 0 0 0 0 50 50 50 50 50 37 37 37 37 37 40 40 40 40 40 40 40 40 40 40 40 40 40 41 41 41 41 41 41 41 24 24 24 24 24 24 24 48 48 48 48 48 48 48 48 38 34 34 34 38 38 38 38 38 38 38 38 38 38 38 38 38 35 53 53 53 53 53 53 53 28 28 28 28 28 28 28 28 28 28 58 59 59 59 26 26 26 26 26 26 26 26 26 26 26 26 45 45 45 45 45 45 45 45 45 45 45 42 39 46 46 46 36 36 33 33 33 33 33 33 33 33 33 33 33 33 33 33 33 33 33 33 73 73 78 33 74 43 43 43 43 43 43 43 43 43 44 44 44 44 44 44 44 44 44 44 44 47 47 47 47 47 47 56 56 56 56 56 0 0 0 0 0 0 0 0 0 0 0 0 0 51 51 51 51 51 51 51 51 0 51 51 51 0 0 0 0 0 0 0 0 0 52 52 52 52 52 52 52 52 52 0 0 0 0 0 0 0 0 0 0 0 0 0 0 0 0 0 0 0 0 0 0 0 0 0 0 0 0 0 0 0 0 0 0 0 0 0 0 0 0 0 0 0 0 0 0 0 0 0 0 0 0
0 0 0 0 0 0 50 50 50 50 50 37 37 37 37 37 37 40 40 40 40 40 40 40 40 40 40 40 41 41 41 41 41 41 41 41 41 24 24 24 24 48 48 48 48 48 48 48 48 48 48 38 38 38 38 38 38 38 38 38 38 38 38 38 38 38 38 35 53 53 53 53 53 53 54 28 28 28 28 28 28 28 28 58 58 58 58 59 59 59 59 26 26 26 26 26 26 26 26 26 26 26 26 45 45 45 45 45 45 45 45 45 45 46 46 46 46 46 46 33 33 33 33 33 33 33 33 33 33 33 33 33 33 33 33 33 33 73 73 73 78 78 74 74 43 43 43 43 43 43 43 43 44 44 44 44 44 44 44 44 44 44 44 47 47 47 47 47 47 56 56 56 56 56 56 0 0 0 0 0 0 0 0 55 0 0 0 51 51 51 51 51 51 51 51 51 51 51 51 0 0 0 0 0 65 0 0 0 52 52 52 52 52 52 52 52 52 52 0 0 0 0 0 0 0 0 0 0 0 0 0 0 0 0 0 0 0 0 0 0 0 0 0 0 0 0 0 0 0 0 0 0 0 0 0 0 0 0 0 0 0 0 0 0 0 0 0 0 0
0 0 0 0 0 50 50 50 50 50 50 37 37 37 37 37 37 37 40 40 40 40 40 40 40 40 40 40 40 41 41 41 41 41 41 41 41 41 41 24 48 48 48 48 48 48 48 48 48 48 38 38 38 38 38 38 38 38 38 38 38 38 38 38 38 38 38 35 53 53 53 53 53 54 54 28 28 28 28 28 28 28 28 58 58 58 58 59 59 59 59 26 26 26 26 26 26 26 26 26 26 26 26 72 45 45 45 45 45 45 45 45 45 45 46 46 46 33 33 33 33 33 33 33 33 33 33 33 33 33 33 33 33 33 33 33 73 73 73 78 78 78 74 74 43 43 43 43 43 43 43 43 44 44 44 44 44 44 44 44 44 44 44 47 47 47 47 47 47 56 56 56 56 56 56 56 0 69 0 0 55 55 55 55 55 55 55 55 51 51 51 51 51 51 51 51 51 51 51 0 0 0 0 65 65 65 62 62 52 52 52 52 52 52 52 52 52 57 57 57 57 57 57 0 0 0 0 0 0 0 0 0 0 0 0 0 0 0 0 0 0 0 0 0 0 0 0 0 0 0 0 0 0 0 0 0 0 0 0 0 0 0 0 0 0 0 0 0 0
0 0 0 0 0 50 50 50 50 50 50 37 37 37 37 37 37 37 40 40 40 40 40 40 40 40 40 40 40 40 41 41 41 41 41 41 41 41 41 48 48 48 48 48 48 48 48 48 48 48 48 38 38 38 38 38 38 38 38 38 38 38 38 38 38 38 38 35 53 53 53 53 53 54 54 28 28 28 28 28 28 28 58 58 58 58 58 59 59 59 59 26 26 26 26 26 26 26 26 26 26 26 26 72 72 45 45 45 45 45 45 45 49 49 49 49 49 33 33 33 33 33 33 33 33 33 33 33 33 33 33 33 33 33 33 73 73 73 78 78 78 78 74 74 74 43 43 43 43 43 43 43 43 44 44 44 44 44 44 44 44 44 68 68 47 47 47 47 56 56 56 56 56 56 56 56 69 69 69 69 55 55 55 55 55 55 55 55 55 51 51 51 51 51 51 51 51 51 51 0 0 0 0 65 65 65 62 62 52 52 52 52 52 52 52 57 57 57 57 57 57 57 57 57 57 57 0 0 0 0 0 0 0 0 0 0 0 0 0 0 0 0 0 0 0 0 0 0 0 0 0 0 0 0 0 0 0 0 0 0 0 0 0 0 0 0 0 0 0
0 0 0 0 0 50 50 50 50 50 70 37 37 37 37 37 37 37 37 40 40 40 40 40 40 40 40 40 40 40 41 41 41 41 41 41 41 41 41 48 48 48 48 48 48 48 48 48 48 48 48 38 38 38 38 38 38 38 38 38 38 38 38 38 38 38 53 35 53 54 54 54 54 54 54 28 28 28 28 28 28 58 58 58 58 58 59 59 59 59 59 59 26 26 26 26 26 26 26 26 26 26 72 72 72 72 72 72 45 45 45 49 49 49 49 49 49 33 33 33 33 33 33 33 33 33 33 33 33 33 33 33 33 33 73 73 73 78 78 78 78 78 74 74 74 74 43 43 43 43 43 43 43 44 44 44 44 44 44 44 44 68 68 68 47 47 47 47 56 56 56 56 56 56 56 56 69 69 69 69 55 55 55 55 55 55 55 55 55 55 51 51 51 51 51 51 51 51 51 51 65 65 65 65 65 65 62 62 52 52 52 52 63 63 57 57 57 57 57 57 57 57 57 57 57 57 57 0 0 0 0 0 0 0 0 0 0 0 0 0 0 0 0 0 0 0 0 0 0 0 0 0 0 0 0 0 0 0 0 0 0 0 0 0 0 0 0 0 0
0 0 0 0 64 64 50 50 50 70 70 37 37 37 37 37 37 37 71 71 40 40 40 40 40 40 40 40 40 40 41 41 41 41 41 41 41 48 48 48 48 48 48 48 48 48 48 48 48 48 48 48 77 77 38 38 38 38 38 38 38 38 38 38 38 53 53 53 54 54 54 54 54 54 54 28 28 28 28 28 58 58 58 58 58 59 59 59 59 59 59 59 26 26 26 26 26 26 26 26 26 26 72 72 72 72 72 72 72 72 49 49 49 49 49 49 33 33 33 33 33 33 33 33 33 33 33 33 33 33 33 33 33 73 73 73 73 78 78 78 78 78 74 74 74 74 43 43 43 43 43 43 44 44 44 44 44 44 44 44 44 68 68 68 47 47 47 47 56 56 56 56 56 56 56 56 69 69 69 69 69 55 55 55 55 55 55 55 55 51 51 51 51 51 51 51 51 51 51 51 65 65 65 65 65 62 62 62 52 52 52 63 57 57 57 57 57 57 57 57 57 57 57 57 57 57 57 57 0 0 0 0 0 0 0 0 0 0 0 0 0 0 0 0 0 0 0 0 0 0 0 0 0 0 0 0 0 0 0 0 0 0 0 0 0 0 0 0 0
0 0 0 0 64 64 50 50 70 70 70 37 37 37 37 37 37 71 71 71 71 71 40 40 40 40 40 40 40 41 41 41 41 41 41 41 41 48 48 48 48 48 48 48 48 48 48 48 48 48 48 77 77 77 77 77 38 38 38 38 38 38 38 38 67 53 53 53 53 54 54 54 54 54 28 28 28 28 28 58 58 58 58 58 59 59 59 59 59 59 59 59 59 26 26 26 26 26 26 26 26 72 72 72 72 72 72 72 72 72 60 60 49 49 49 49 33 33 33 33 33 33 33 33 33 33 33 33 33 33 33 33 33 73 73 73 78 78 78 78 78 78 74 74 74 74 61 61 61 61 43 44 44 44 44 44 44 44 44 68 68 68 68 68 47 47 47 47 56 56 56 56 56 56 56 56 69 69 69 69 69 55 55 55 55 55 55 55 55 51 51 51 51 51 51 51 51 51 51 51 65 65 65 65 65 62 62 62 62 52 63 63 57 57 57 57 57 57 57 57 57 57 57 57 57 57 57 57 0 0 0 0 0 0 0 0 0 0 0 0 0 0 0 0 0 0 0 0 0 0 0 0 0 0 0 0 0 0 0 0 0 0 0 0 0 0 0 0 0
0 0 0 64 64 50 70 70 70 70 70 70 37 37 37 37 71 71 71 71 71 71 40 40 40 40 40 40 41 41 41 41 41 41 41 41 81 81 48 48 48 48 48 48 48 48 48 48 48 48 77 77 77 77 77 77 77 38 38 38 38 38 38 67 53 67 67 67 67 53 54 54 54 54 58 28 28 28 58 58 58 58 58 58 59 59 59 59 59 59 59 59 59 26 26 26 26 26 26 26 72 72 72 72 72 72 72 72 72 72 60 60 60 60 60 60 60 33 33 33 33 33 33 33 33 33 33 33 33 33 33 33 73 73 73 73 78 78 78 78 78 78 74 74 74 74 61 61 61 61 61 61 44 44 44 44 44 44 68 68 68 68 68 68 68 47 47 56 56 56 56 56 56 56 56 56 69 69 69 69 69 69 55 55 55 55 55 55 55 51 51 51 51 51 51 51 51 51 51 51 65 65 65 65 65 62 62 62 62 62 63 57 57 57 57 57 57 57 57 57 57 57 57 57 57 57 66 66 0 0 0 0 0 0 0 0 0 0 0 0 0 0 0 0 0 0 0 0 0 0 0 0 0 0 0 0 0 0 0 0 0 0 0 0 0 0 0 0 0
0 0 64 64 64 64 70 70 70 70 70 70 70 37 37 71 71 71 71 71 71 71 40 40 40 40 40 41 41 41 41 41 41 41 41 81 81 81 48 48 48 48 48 48 48 48 48 48 48 77 77 77 77 77 77 77 77 77 38 38 38 38 67 53 67 67 67 67 67 53 53 53 53 58 58 58 58 58 58 58 58 58 58 58 59 59 59 59 59 59 59 59 59 26 26 26 26 26 26 26 72 72 72 72 72 72 72 72 72 72 60 60 60 60 60 60 60 60 33 33 33 33 33 33 33 33 33 33 33 33 33 73 73 73 73 73 78 78 78 78 78 83 83 74 74 74 61 61 61 61 61 61 61 61 61 61 61 68 68 68 68 68 68 68 68 68 47 56 56 56 56 56 56 56 56 69 69 69 69 69 69 69 55 55 55 55 55 55 55 51 51 51 51 51 51 51 51 51 51 51 65 65 65 65 65 62 62 62 62 62 62 66 57 57 57 57 57 57 57 57 57 57 66 66 66 66 66 66 0 0 0 0 0 0 0 0 0 0 0 0 0 0 0 0 0 0 0 0 0 0 0 0 0 0 0 0 0 0 0 0 0 0 0 0 0 0 0 0 0
0 0 64 64 64 64 64 70 70 70 70 70 70 37 71 71 71 71 71 71 71 71 71 40 40 75 75 41 41 41 41 41 41 41 81 81 81 81 48 48 48 48 48 48 48 48 85 85 77 77 77 77 77 77 77 77 77 77 67 38 67 67 67 67 67 67 67 67 67 53 53 53 53 58 58 58 58 58 58 58 58 58 58 59 59 59 59 59 59 59 59 59 96 96 26 26 26 26 26 26 26 72 72 72 72 72 72 72 72 102 60 60 60 60 60 60 60 60 33 33 33 33 33 33 33 33 73 73 73 33 33 73 73 73 73 73 78 78 78 78 78 83 83 74 74 74 61 61 61 61 61 61 61 61 61 61 61 68 68 68 68 68 68 68 68 68 68 68 56 56 56 56 56 56 56 69 69 69 69 69 69 69 69 55 55 55 55 55 55 51 51 51 51 51 51 51 51 51 51 51 89 89 65 65 65 65 62 62 62 62 62 66 66 66 66 66 66 66 66 66 66 66 66 66 66 66 66 66 0 0 0 0 0 0 0 0 0 0 0 0 0 0 0 0 0 0 0 0 0 0 0 0 0 0 0 0 0 0 0 0 0 0 0 0 0 0 0 0 0
0 0 0 0 64 64 64 70 70 70 70 70 70 70 71 71 71 71 71 71 71 71 71 40 40 75 75 41 41 41 41 41 76 76 81 81 81 48 48 48 48 48 85 85 85 85 85 86 86 77 77 77 77 77 77 77 77 77 67 67 67 67 67 67 67 67 67 67 67 67 53 53 53 53 58 58 58 58 58 58 58 59 59 59 59 59 59 59 59 59 59 101 96 96 96 26 26 26 26 26 26 72 72 72 72 72 72 72 102 102 60 60 60 60 60 60 60 60 60 33 33 33 33 33 33 73 73 73 73 73 73 73 73 73 73 73 78 78 78 78 83 83 83 83 74 74 61 61 61 61 61 61 61 61 61 61 68 68 68 68 68 68 68 68 68 68 68 68 68 68 68 56 56 56 56 69 69 69 69 69 69 69 69 55 55 55 55 55 51 51 51 51 51 51 51 51 51 51 51 51 89 89 65 65 65 65 65 62 62 62 62 66 66 66 66 66 66 66 66 66 66 66 66 66 66 66 66 66 0 0 0 0 0 0 0 0 0 0 90 0 0 0 0 0 0 0 0 0 0 0 0 0 0 0 0 0 0 0 0 0 0 0 0 0 0 0 0 0 0
0 0 0 0 64 64 64 70 70 70 70 70 70 70 71 71 71 71 71 71 71 71 71 40 75 75 75 75 41 41 76 76 76 76 81 81 48 48 48 48 48 48 85 85 85 85 86 86 86 77 77 77 77 77 77 77 77 77 77 77 67 67 67 67 67 67 67 67 67 67 67 67 53 104 104 58 58 58 58 59 59 59 59 59 59 59 59 59 59 101 101 101 96 96 96 26 26 26 26 26 26 82 72 72 72 72 72 72 102 102 60 60 60 60 60 60 60 60 60 87 87 87 87 87 87 73 73 73 73 73 73 73 73 73 73 78 78 78 78 78 78 83 83 83 74 74 61 61 61 61 61 61 61 68 68 68 68 68 68 68 68 68 68 68 68 68 68 68 68 68 97 97 97 56 97 69 69 69 69 69 69 69 69 55 55 55 55 55 51 51 51 51 51 51 51 51 51 51 51 51 89 89 89 65 65 65 65 62 62 79 80 80 80 66 66 66 66 66 66 66 66 66 66 66 66 66 66 66 0 0 0 0 0 0 0 90 90 90 90 90 90 0 0 0 0 0 0 0 0 0 0 0 107 107 107 0 0 0 0 0 0 0 0 0 0 0 0 0 0
0 0 0 0 0 64 70 70 70 70 70 70 70 70 71 71 71 71 71 71 71 71 71 71 75 75 75 75 75 41 76 76 76 76 81 81 48 48 48 48 48 48 85 85 85 86 86 86 86 92 77 92 77 77 77 77 77 77 77 77 77 67 95 95 67 67 67 67 67 67 67 67 104 104 104 100 100 100 59 59 59 59 59 59 59 59 59 59 101 101 101 101 96 96 96 26 26 26 26 26 82 82 72 72 72 72 72 72 102 102 60 60 60 60 60 60 60 60 133 87 87 87 87 87 87 73 73 73 73 73 73 73 73 73 73 78 78 78 78 78 78 83 83 83 74 61 61 61 61 61 68 68 68 68 68 68 68 68 68 68 68 68 68 68 68 68 68 68 68 97 97 97 97 97 97 97 97 69 69 98 98 69 69 69 55 55 55 55 51 51 51 51 51 51 51 51 51 51 51 51 89 89 89 65 65 65 79 79 79 79 80 80 80 80 80 80 80 80 66 66 66 66 66 66 66 66 66 90 90 0 0 0 0 0 90 90 90 90 90 90 90 90 90 90 0 0 0 0 103 103 103 103 107 107 107 0 0 0 0 0 0 0 0 0 0 0 0 0 0
0 0 0 0 0 0 70 70 70 70 70 70 70 70 71 71 71 71 71 71 71 71 71 71 75 75 75 75 75 76 76 76 76 76 81 48 48 48 48 48 48 48 85 86 86 86 86 86 92 92 92 92 92 92 77 77 77 77 77 77 77 77 95 95 67 67 67 67 67 67 67 104 104 104 100 100 100 100 59 59 59 59 59 59 59 59 59 59 101 101 101 96 96 96 96 96 26 82 82 82 82 72 82 82 72 72 102 102 102 102 60 60 60 60 60 60 60 60 133 87 87 87 87 87 87 87 73 73 73 73 73 73 73 73 78 78 78 78 78 78 78 83 83 83 83 83 61 61 68 68 68 68 68 68 68 68 68 68 68 68 68 68 68 68 68 68 68 68 97 97 97 97 97 97 97 97 113 113 98 98 98 98 69 69 55 55 55 51 51 51 51 51 51 51 51 51 51 51 51 89 89 89 89 89 65 65 79 79 80 80 80 80 80 80 80 80 80 80 80 80 66 66 66 66 90 90 90 90 90 90 90 0 0 90 90 90 90 90 90 90 90 90 90 106 0 0 0 103 103 103 103 107 107 107 0 0 0 0 0 0 0 0 0 0 0 0 0 0 0
0 0 0 0 0 0 70 70 70 70 70 70 70 71 71 71 71 71 71 71 71 71 71 71 75 75 75 75 75 76 76 76 76 76 84 85 85 85 85 85 85 85 85 86 86 86 86 92 92 92 92 92 92 92 77 77 77 77 77 77 77 95 95 95 67 67 99 99 99 67 67 104 104 104 100 100 100 100 59 59 59 59 59 59 59 59 59 101 101 101 101 96 96 96 96 96 96 82 82 82 82 82 82 82 82 102 102 102 102 102 60 60 60 60 60 60 60 133 133 87 87 87 87 87 87 87 87 73 73 73 73 73 73 73 78 78 78 78 93 93 93 83 83 83 83 83 83 83 68 68 68 68 68 68 68 68 68 68 68 68 68 68 68 68 68 68 68 97 97 97 97 97 97 97 97 97 113 113 113 98 98 98 98 69 69 55 55 51 51 51 51 51 51 51 51 51 51 51 51 89 89 89 89 65 65 65 79 79 80 80 80 80 80 80 80 80 80 80 80 80 80 80 66 90 90 90 90 90 90 90 90 90 90 90 90 90 90 90 90 90 90 90 106 106 106 103 103 103 103 103 107 107 107 107 0 0 0 0 0 0 0 0 0 0 0 0 0 0 0
0 0 0 0 0 0 0 0 0 0 0 0 0 0 0 0 71 71 71 71 71 71 71 71 71 75 75 75 76 76 76 76 76 84 84 84 85 85 85 85 85 85 86 86 86 86 86 92 92 92 92 92 92 92 77 77 77 77 77 77 95 95 95 95 67 99 99 99 99 99 104 104 104 100 100 100 100 100 59 59 59 59 59 59 59 59 59 101 101 101 101 96 96 96 96 96 96 82 82 82 82 82 82 82 82 102 102 102 102 102 60 60 60 60 60 60 60 133 133 87 87 87 87 87 87 87 123 73 73 73 73 73 73 78 78 78 93 93 93 93 93 83 83 83 83 83 83 68 68 68 68 68 68 68 68 68 68 68 68 68 68 68 68 68 68 68 97 97 97 97 97 97 97 97 97 113 113 113 113 98 98 98 98 98 69 55 55 51 51 51 51 51 51 51 51 51 51 51 89 89 89 89 89 89 65 79 79 79 79 79 105 105 105 80 80 80 80 80 80 80 80 80 90 90 90 90 90 90 90 90 90 90 90 90 90 90 90 90 90 106 106 106 106 106 106 103 103 103 103 103 107 107 107 107 0 0 0 0 0 0 0 0 0 0 0 0 0 0 0
0 0 0 0 0 0 0 0 0 0 0 0 0 0 0 0 0 71 71 71 71 71 71 71 71 71 75 76 76 76 76 76 76 84 84 84 84 85 85 85 86 86 86 86 86 86 92 92 92 92 92 92 92 92 77 77 77 77 77 77 95 95 95 67 99 99 99 99 104 104 104 104 104 100 100 100 100 100 59 59 59 59 59 59 59 59 59 101 101 101 101 96 96 96 96 96 126 126 82 82 82 82 82 82 82 82 102 102 102 102 60 60 60 60 60 60 60 60 133 133 87 87 87 87 87 123 123 123 73 73 73 93 93 73 78 93 93 93 93 93 93 83 83 83 83 83 83 68 68 68 68 68 68 68 68 68 68 68 68 68 68 68 68 68 68 97 97 97 97 97 97 97 97 97 97 113 113 113 113 119 119 98 98 98 98 88 88 98 51 51 51 51 51 51 51 51 51 89 89 89 89 89 89 89 89 89 89 79 79 105 105 105 105 105 105 80 80 80 80 80 80 80 90 90 90 90 90 90 90 90 90 90 90 90 90 90 90 106 106 106 106 106 106 106 106 103 103 103 103 107 107 107 107 107 0 0 0 0 0 0 0 0 0 0 0 0 0 0 0
0 0 0 0 0 0 0 0 0 0 0 0 0 0 0 0 0 0 71 71 71 71 71 71 71 71 76 76 76 76 76 76 76 84 84 84 84 85 85 85 91 86 86 92 92 92 92 92 92 92 92 92 92 92 92 92 77 77 95 95 95 95 95 67 99 99 99 104 104 104 104 104 104 100 100 100 100 100 100 100 59 59 59 59 59 59 59 101 101 101 101 96 96 96 96 96 126 126 82 82 82 82 82 82 82 82 102 102 102 102 102 60 60 60 60 60 60 133 133 133 87 87 87 87 123 123 123 123 123 73 93 93 93 93 93 93 93 93 93 93 93 83 83 83 83 83 68 68 68 68 68 68 68 68 68 68 68 68 68 68 68 68 68 68 97 97 97 97 97 97 97 97 97 97 97 113 113 113 119 119 119 119 98 98 98 98 88 98 51 51 51 98 98 98 98 114 114 89 89 89 89 89 89 89 89 89 89 89 105 105 105 105 105 105 105 80 80 80 80 80 90 90 90 90 90 90 90 90 90 90 90 90 90 90 90 90 106 106 106 106 106 106 106 106 103 103 103 103 103 107 107 107 107 107 136 0 0 0 0 0 0 0 0 0 0 0 0 0 0
0 0 0 0 0 0 0 0 0 0 0 0 0 0 0 0 0 0 0 0 71 71 71 71 71 71 76 76 76 76 76 84 84 84 84 84 84 85 85 85 91 91 86 94 92 92 92 92 92 92 92 94 94 92 95 95 95 95 95 95 95 95 95 95 99 99 99 104 104 104 104 104 100 100 100 100 100 100 100 100 59 59 59 59 59 59 59 101 101 101 101 96 96 96 96 96 126 126 82 82 82 82 82 82 82 82 82 102 102 102 60 60 60 60 60 60 133 133 133 133 87 87 87 87 123 123 123 123 123 123 123 93 93 93 93 93 93 93 93 93 83 83 83 83 83 83 68 68 68 68 68 68 68 68 68 68 68 68 68 68 68 68 68 97 97 97 97 97 97 97 97 97 97 97 113 113 113 113 119 119 119 119 119 98 98 98 98 98 98 98 98 98 98 98 98 114 114 114 89 89 89 89 89 89 89 89 89 105 105 105 105 105 105 105 90 90 80 80 90 90 90 90 90 90 90 90 90 90 90 90 90 90 90 90 106 106 106 106 106 106 106 106 106 106 103 103 103 103 107 107 107 107 107 107 136 0 0 0 0 0 0 0 0 0 0 0 0 0 0
0 0 0 0 0 0 0 0 0 0 0 0 0 0 0 0 0 0 0 0 0 0 71 71 71 76 76 76 76 76 76 84 84 84 84 85 85 85 85 85 85 91 91 86 94 94 94 94 94 94 94 94 94 94 95 95 95 95 95 95 95 95 95 99 99 99 99 104 104 104 104 112 112 100 100 100 100 100 100 100 59 59 59 59 59 59 59 101 101 101 101 101 96 96 96 126 126 126 82 82 82 82 82 82 82 82 82 130 102 102 60 60 60 60 60 133 133 133 133 133 87 87 87 87 123 123 123 123 123 123 123 123 93 93 93 93 93 93 93 93 83 83 83 83 83 83 68 68 68 68 68 68 68 68 68 68 68 68 68 68 68 68 97 97 97 97 97 97 97 97 97 97 97 97 113 113 113 113 119 119 119 119 119 119 98 98 98 98 98 98 98 98 98 98 98 114 114 114 114 114 114 89 89 89 105 105 105 105 105 105 105 105 105 90 90 90 90 90 90 90 90 90 90 90 90 90 90 90 90 90 90 90 90 106 106 106 106 106 106 106 106 106 106 103 103 103 103 107 107 107 107 107 107 107 136 0 0 0 0 0 0 0 0 0 0 0 0 0 0
0 0 0 0 0 0 0 0 0 0 0 0 0 0 0 0 0 0 0 0 0 0 0 0 0 76 76 76 76 76 84 84 84 84 84 85 85 85 85 85 85 91 91 91 86 86 94 94 94 94 94 94 94 94 94 110 95 95 95 95 95 95 95 99 99 104 104 104 104 104 104 112 112 100 100 100 100 100 100 100 59 59 59 59 59 59 128 125 117 101 101 96 96 126 126 126 126 126 126 82 82 82 82 82 82 82 82 130 102 102 60 60 60 60 133 133 133 133 133 133 87 87 87 87 123 123 123 123 123 123 123 123 134 134 93 93 93 93 93 83 83 83 83 83 83 83 68 68 68 68 68 68 68 68 68 68 68 68 68 68 68 141 141 97 97 97 97 97 97 97 97 97 97 113 113 113 113 113 119 119 119 119 119 119 98 98 98 98 98 98 98 98 98 98 98 114 114 114 114 114 114 114 89 105 105 105 105 105 105 105 105 105 105 90 90 90 90 90 90 90 90 90 90 90 90 90 90 90 90 90 90 90 106 106 106 106 106 106 106 106 106 106 120 120 103 103 103 107 107 107 107 107 107 136 0 0 0 0 0 0 0 0 0 0 0 0 0 0 0
0 0 0 0 0 0 0 0 0 0 0 0 0 0 0 0 0 0 0 0 0 0 0 0 0 76 76 76 76 84 84 84 84 84 85 85 85 85 85 85 91 91 91 91 86 86 108 109 109 110 110 110 110 110 110 110 110 110 110 110 110 95 95 99 99 111 104 104 112 112 112 112 112 100 100 100 100 100 100 100 59 59 59 59 59 128 128 125 117 117 101 96 126 126 126 126 126 126 126 126 82 82 82 82 82 82 82 130 131 102 118 60 118 133 133 133 133 133 133 133 127 127 87 87 123 123 123 123 123 123 123 123 134 134 93 93 93 93 93 83 83 83 83 83 83 83 68 68 68 68 68 68 68 68 148 68 155 155 141 141 141 141 141 141 97 97 97 97 97 97 97 97 97 113 113 113 113 113 119 119 119 119 119 119 98 98 98 98 98 98 98 98 98 98 98 114 114 114 114 114 114 114 114 114 114 114 114 105 105 105 147 147 147 90 90 90 90 90 90 90 90 90 90 90 90 90 90 90 90 90 106 106 106 106 106 106 106 106 106 106 106 120 120 120 103 103 107 107 107 107 107 136 136 0 0 0 0 0 0 0 0 0 0 0 0 0 0 0 0
0 0 0 0 0 0 0 0 0 0 0 0 0 0 0 0 0 0 0 0 0 0 0 0 0 0 76 76 84 84 84 84 84 84 85 85 85 85 85 85 91 91 91 91 86 108 108 109 109 115 115 115 110 110 110 110 110 110 110 110 110 95 95 99 99 111 111 104 104 112 112 112 112 116 116 116 116 122 122 122 59 59 59 59 59 128 128 125 117 117 117 126 126 126 126 126 126 126 126 126 126 130 130 82 82 82 82 130 131 118 118 118 118 132 133 133 133 133 133 133 127 127 87 87 123 123 123 123 123 123 123 123 134 134 93 93 93 93 93 83 83 83 83 83 83 68 68 68 68 68 68 68 68 148 148 148 155 155 141 141 141 141 141 141 97 97 97 97 97 97 97 97 113 113 113 113 113 119 119 119 119 119 119 119 98 98 98 98 98 98 98 98 98 98 98 114 114 114 114 114 114 114 114 114 114 114 114 114 147 147 147 147 147 90 90 90 90 90 90 90 90 90 90 90 90 90 142 142 142 142 106 106 106 106 106 106 106 106 106 106 120 120 120 120 107 107 107 107 107 136 136 136 136 0 0 0 0 0 0 0 0 0 0 0 0 0 0 0 0
0 0 0 0 0 0 0 0 0 0 0 0 0 0 0 0 0 0 0 0 0 0 0 0 0 0 0 0 84 84 84 84 84 84 85 85 85 85 85 85 91 91 91 91 108 108 109 109 109 115 115 115 110 110 110 110 110 110 110 110 110 95 99 99 99 111 111 104 121 104 104 112 112 116 116 116 116 122 122 122 122 59 59 59 128 128 128 125 117 117 126 126 126 126 126 126 126 126 126 126 126 126 130 130 82 82 82 130 131 131 118 118 132 132 133 133 133 133 133 133 127 127 87 87 123 123 123 123 123 123 123 123 134 93 93 93 93 93 93 93 93 83 83 83 68 68 68 68 68 68 68 148 148 148 148 148 155 155 141 141 141 141 141 141 97 97 97 97 97 97 97 97 113 113 113 113 113 119 119 119 119 119 119 119 98 98 98 98 98 98 98 98 98 98 98 146 146 146 114 114 114 114 114 114 114 114 114 114 147 147 147 147 90 90 90 90 90 90 90 90 90 90 90 90 142 142 142 142 142 142 106 106 106 106 106 106 106 135 135 135 120 120 120 120 120 107 107 107 136 136 136 136 0 0 0 0 0 0 0 0 0 0 0 0 0 0 0 0 0
0 0 0 0 0 0 0 0 0 0 0 0 0 0 0 0 0 0 0 0 0 0 0 0 0 0 0 0 0 84 84 84 84 84 85 85 85 85 85 91 91 91 91 91 108 108 108 109 109 115 115 115 110 110 110 110 110 110 110 110 110 110 99 99 111 111 111 104 104 121 104 104 112 112 116 116 116 124 122 122 122 59 122 128 128 128 125 125 126 126 126 126 126 126 126 126 126 126 126 126 126 126 126 130 130 82 130 130 131 131 118 118 132 133 133 133 133 133 133 133 127 127 127 123 123 123 123 123 123 123 123 123 134 93 93 93 93 93 93 93 134 83 83 83 68 68 68 68 68 68 68 148 148 148 148 148 155 155 155 141 141 141 141 141 97 97 97 97 97 97 97 97 113 113 113 113 119 119 119 119 119 119 119 98 98 98 98 98 98 98 98 98 98 98 98 146 146 146 146 114 114 114 114 114 114 114 147 147 147 147 147 147 90 90 90 90 90 90 90 90 90 90 90 142 142 142 142 142 142 106 106 106 135 135 135 135 135 135 135 135 120 120 120 120 120 120 120 136 136 136 136 136 0 0 0 0 0 0 0 0 0 0 0 0 0 0 0 0 0
0 0 0 0 0 0 0 0 0 0 0 0 0 0 0 0 0 0 0 0 0 0 0 0 0 0 0 0 0 0 84 0 84 84 85 85 85 85 85 91 91 91 91 91 108 108 108 109 115 115 115 115 115 110 110 110 110 110 110 110 110 110 99 99 111 111 111 111 104 104 121 104 104 112 116 116 124 124 124 122 122 122 128 128 128 128 129 125 126 126 126 126 126 126 126 126 126 126 126 126 126 126 126 130 130 130 130 131 131 131 132 132 132 133 133 133 133 133 133 127 127 127 123 123 123 123 123 123 123 123 123 134 134 134 134 134 134 93 93 134 140 83 83 68 68 68 68 148 148 148 148 148 148 148 148 155 155 155 155 141 141 141 141 141 97 97 97 97 97 97 97 97 113 113 113 113 119 119 119 119 119 119 98 98 98 98 98 98 98 98 98 98 98 98 146 146 146 146 146 114 114 114 114 114 114 114 147 147 147 147 147 147 90 90 90 90 90 90 90 90 90 142 142 142 142 142 142 142 144 144 106 135 135 135 135 135 135 135 135 135 136 136 120 136 136 136 136 136 136 136 136 0 0 0 0 0 0 0 0 0 0 0 0 0 0 0 0 0 0
0 0 0 0 0 0 0 0 0 0 0 0 0 0 0 0 0 0 0 0 0 0 0 0 0 0 0 0 0 0 0 0 0 0 0 0 85 85 91 91 91 91 91 91 108 108 108 109 115 115 115 115 115 110 110 110 110 110 110 110 110 110 110 111 111 111 111 111 111 104 121 121 104 112 116 124 124 124 124 122 122 122 122 128 128 128 128 129 126 126 126 126 126 126 126 126 126 126 126 126 126 126 130 130 130 130 131 131 131 131 132 132 137 133 133 133 133 133 138 127 127 127 123 123 123 123 123 123 123 123 139 134 140 134 134 134 134 134 134 140 140 83 83 68 68 68 148 148 148 148 148 148 148 148 155 155 155 155 141 141 141 141 141 97 97 97 97 97 97 97 97 145 145 113 119 119 119 119 119 119 119 119 173 98 98 98 98 98 98 98 98 98 98 146 146 146 146 146 146 146 146 114 114 114 147 147 147 147 147 147 147 147 90 90 90 90 90 90 142 142 142 142 142 142 142 144 144 144 144 144 106 135 135 135 135 135 135 135 135 135 135 136 136 136 136 136 136 136 136 136 136 136 0 0 0 0 0 0 0 0 0 0 0 0 0 0 0 0 0
0 0 0 0 0 0 0 0 0 0 0 0 0 0 0 0 0 0 0 0 0 0 0 0 0 0 0 0 0 0 0 0 0 0 0 0 0 91 91 91 91 91 91 91 108 108 108 108 115 115 115 115 115 115 110 110 110 110 110 110 110 110 110 110 111 111 111 111 111 111 104 121 121 112 124 124 124 124 124 122 122 122 122 122 128 128 128 128 129 126 126 126 126 126 126 126 126 126 126 126 126 143 130 130 130 130 131 131 131 131 132 132 137 133 133 133 133 133 138 127 127 127 123 123 123 123 123 123 123 123 139 139 140 140 134 134 134 134 140 140 83 83 83 68 68 148 148 148 148 148 148 148 148 148 155 155 155 155 141 141 141 141 141 163 97 97 97 97 97 97 145 145 145 113 119 119 119 119 119 119 173 173 173 98 98 98 98 98 98 98 98 98 146 146 146 146 146 146 146 146 146 114 146 147 147 147 147 147 147 147 147 90 90 142 142 142 142 142 142 142 142 142 142 142 167 144 144 144 144 144 144 144 144 161 161 161 161 135 135 135 135 135 136 136 136 0 0 0 0 0 0 0 0 0 0 0 0 0 0 0 0 0 0 0 0 0 0 0 0
0 0 0 0 0 0 0 0 0 0 0 0 0 0 0 0 0 0 0 0 0 0 0 0 0 0 0 0 0 0 0 0 0 0 0 0 0 0 91 0 91 108 108 108 108 108 108 108 115 115 115 115 115 115 115 115 110 110 110 110 110 110 110 110 110 111 111 111 111 111 111 121 121 124 124 124 124 124 124 122 122 122 122 122 122 128 128 128 129 129 126 126 126 126 126 126 126 126 126 126 143 143 143 130 130 130 131 131 131 131 131 132 137 133 133 133 133 133 138 127 127 127 123 123 123 123 123 123 123 123 139 139 140 140 140 140 140 140 140 140 83 83 68 68 152 148 148 148 148 148 148 148 148 155 155 155 155 155 141 141 141 141 163 166 166 156 97 97 97 145 145 145 145 145 145 145 119 119 119 173 173 173 173 98 98 98 98 98 98 146 146 146 146 146 146 146 146 146 146 146 146 146 147 147 147 147 147 147 147 147 147 142 142 142 142 142 142 142 142 142 142 142 167 167 167 167 144 144 144 144 144 144 161 161 161 161 161 135 135 135 135 135 135 0 0 0 0 0 0 0 0 0 0 0 0 0 0 0 0 0 0 0 0 0 0 0 0 0 0
0 0 0 0 0 0 0 0 0 0 0 0 0 0 0 0 0 0 0 0 0 0 0 0 0 0 0 0 0 0 0 0 0 0 0 0 0 0 0 0 108 108 108 108 108 108 108 108 108 115 115 115 115 115 115 115 115 110 110 110 110 110 110 110 110 111 111 111 111 111 111 121 121 124 124 124 124 124 124 122 122 122 122 122 122 122 128 128 129 129 126 126 126 126 126 126 126 126 126 143 143 143 143 130 130 130 130 130 131 131 131 132 137 137 137 133 133 133 138 138 127 127 123 123 123 123 123 123 123 123 139 139 140 140 140 140 140 140 140 140 83 150 68 152 152 148 148 148 148 148 148 148 155 155 155 155 155 141 141 141 163 163 163 166 166 156 156 97 97 145 145 145 145 145 145 145 145 173 173 173 173 173 173 173 98 98 98 98 98 146 146 146 146 146 146 146 146 146 146 146 146 146 146 147 147 147 147 147 147 147 147 147 142 142 142 142 142 142 142 142 167 167 167 167 167 167 144 144 144 144 161 161 161 161 161 161 161 135 135 135 135 174 174 0 0 0 0 0 0 0 0 0 0 0 0 0 0 0 0 0 0 0 0 0 0 0 0 0 0
0 0 0 0 0 0 0 0 0 0 0 0 0 0 0 0 0 0 0 0 0 0 0 0 0 0 0 0 0 0 0 0 0 0 0 0 0 0 0 0 108 108 108 108 108 108 108 108 108 115 115 115 115 115 115 115 115 110 110 110 110 110 110 110 111 111 111 111 111 111 121 121 121 121 121 124 124 124 124 124 122 122 122 122 122 122 122 128 129 129 126 126 126 126 126 126 126 126 143 143 143 143 143 130 130 130 130 130 131 131 132 132 137 137 137 137 137 138 138 138 138 127 123 123 123 123 123 139 139 139 140 140 140 140 140 140 140 140 149 149 149 150 151 152 153 154 154 154 148 148 148 148 155 155 155 155 155 141 141 163 163 163 163 166 166 156 156 156 156 156 145 145 145 169 169 169 169 173 173 173 173 173 173 173 98 98 98 98 98 146 146 146 146 146 146 146 146 146 146 146 146 146 146 147 147 147 147 147 147 147 147 147 147 142 142 142 167 142 167 167 167 167 167 167 167 144 144 144 161 161 161 161 161 161 161 174 174 135 174 174 174 174 174 0 0 0 0 0 0 0 0 0 0 0 0 0 0 0 0 0 0 0 0 0 0 0 0 0 0
0 0 0 0 0 0 0 0 0 0 0 0 0 0 0 0 0 0 0 0 0 0 0 0 0 0 0 0 0 0 0 0 0 0 0 0 0 0 0 0 108 108 108 108 108 108 108 108 108 108 115 115 115 115 115 115 115 115 110 110 110 110 110 110 111 111 111 111 111 111 111 121 121 121 121 124 124 124 124 124 122 122 122 122 122 122 122 128 129 129 126 126 126 126 126 126 126 143 143 143 143 143 143 130 130 130 130 130 131 131 137 137 137 137 137 137 137 138 138 138 138 138 123 123 123 123 139 139 139 139 140 140 140 140 140 140 140 157 149 149 149 158 151 151 159 153 154 154 154 154 154 154 160 155 155 155 155 162 141 163 163 163 163 166 166 156 156 156 156 156 169 169 169 169 169 169 173 173 173 173 173 173 173 173 98 98 98 98 146 146 146 146 146 146 146 146 146 146 146 146 146 146 146 146 147 147 147 147 147 147 147 147 147 167 167 167 167 167 167 167 167 167 167 167 167 144 144 161 161 161 161 161 161 161 174 174 174 174 174 174 174 174 174 0 0 0 0 0 0 0 0 0 0 0 0 0 0 0 0 0 0 0 0 0 0 0 0 0 0
0 0 0 0 0 0 0 0 0 0 0 0 0 0 0 0 0 0 0 0 0 0 0 0 0 0 0 0 0 0 0 0 0 0 0 0 0 0 0 0 0 0 108 108 108 108 108 108 108 108 108 108 115 115 115 115 115 115 110 110 110 110 110 110 111 111 111 111 111 111 121 121 121 121 121 124 124 124 124 124 122 122 122 122 122 122 122 129 129 129 126 126 126 126 126 126 126 143 143 143 143 143 143 143 143 130 130 130 130 131 137 137 137 137 137 137 137 138 138 138 138 138 138 123 123 139 139 139 139 139 139 140 140 140 140 140 140 157 149 149 149 158 158 151 151 159 153 154 154 154 154 154 160 160 155 155 162 162 163 163 166 166 166 166 166 156 156 156 169 169 169 169 169 169 169 169 173 173 173 173 173 173 173 173 98 98 98 146 146 146 146 146 146 146 146 146 146 146 146 146 146 146 146 146 147 147 147 147 180 147 167 167 167 167 167 167 167 167 167 167 167 167 167 167 144 161 161 161 161 161 161 161 161 161 174 174 174 174 174 174 174 174 174 0 0 0 0 0 0 0 0 0 0 0 0 0 0 0 0 0 0 0 0 0 0 0 0 0 0
0 0 0 0 0 0 0 0 0 0 0 0 0 0 0 0 0 0 0 0 0 0 0 0 0 0 0 0 0 0 0 0 0 0 0 0 0 0 0 0 0 0 0 108 108 108 108 108 108 108 108 108 115 115 115 115 115 115 110 110 110 110 110 111 111 111 111 111 111 121 121 121 121 121 121 121 124 124 124 124 122 122 122 122 122 122 122 129 129 129 126 126 126 126 126 126 143 143 143 143 143 143 143 143 143 143 130 130 130 137 137 137 137 137 137 137 137 138 138 138 138 138 138 139 139 139 139 139 139 139 139 140 140 140 140 140 140 157 149 149 149 158 158 151 151 159 159 154 154 154 154 154 154 160 160 155 164 162 165 166 166 166 166 166 166 168 156 169 169 169 169 169 169 169 169 169 173 173 173 173 173 173 173 173 98 98 146 146 146 146 146 146 146 146 146 146 146 146 146 146 146 180 180 180 180 180 180 180 180 167 167 167 167 167 167 167 167 167 167 167 167 167 167 167 161 161 161 161 161 174 174 174 174 174 174 174 174 174 174 174 174 174 0 0 0 0 0 0 0 0 0 0 0 0 0 0 0 0 0 0 0 0 0 0 0 0 0 0 0
0 0 0 0 0 0 0 0 0 0 0 0 0 0 0 0 0 0 0 0 0 0 0 0 0 0 0 0 0 0 0 0 0 0 0 0 0 0 0 0 0 0 0 0 108 108 108 108 108 108 108 108 108 115 115 115 115 110 110 110 110 110 110 111 111 111 111 111 121 121 121 121 121 121 121 121 121 124 124 124 124 122 122 122 122 122 129 129 129 129 129 126 126 143 143 143 143 143 143 143 143 143 143 143 143 143 143 143 143 137 137 137 137 137 137 137 137 138 138 138 138 138 138 139 139 139 139 139 139 139 139 139 139 140 140 140 157 157 149 149 149 158 158 151 159 159 159 159 154 154 154 154 154 154 160 160 164 164 162 165 166 166 166 166 166 168 169 169 169 169 169 169 169 169 169 169 173 173 173 173 173 173 173 98 98 98 146 146 146 146 146 146 146 146 146 146 146 146 146 180 180 180 180 180 180 180 180 180 167 167 167 167 167 167 167 167 167 167 167 167 167 167 167 167 161 161 161 161 174 174 174 174 174 174 174 174 174 174 174 174 174 174 0 0 0 0 0 0 0 0 0 0 0 0 0 0 0 0 0 0 0 0 0 0 0 0 0 0 0
0 0 0 0 0 0 0 0 0 0 0 0 0 0 0 0 0 0 0 0 0 0 0 0 0 0 0 0 0 0 0 0 0 0 0 0 0 0 0 0 0 0 0 0 0 0 108 0 108 108 108 108 108 115 115 115 110 110 110 110 110 110 110 111 111 111 111 111 121 121 121 170 170 171 171 171 171 124 124 124 122 122 122 122 122 122 129 129 129 129 129 126 143 143 143 143 143 143 143 143 143 143 143 143 143 143 143 143 143 137 137 137 137 137 137 137 137 137 138 138 138 138 138 139 139 139 139 139 139 139 139 139 139 157 157 157 157 157 149 149 149 158 158 159 159 159 159 159 159 154 154 154 154 154 160 160 160 164 164 162 165 165 166 166 166 172 168 169 169 169 169 169 169 169 169 169 169 173 173 173 173 173 173 173 98 98 146 146 146 146 146 146 146 146 146 146 146 181 180 180 180 180 180 180 180 180 180 167 167 167 167 167 167 167 167 167 167 167 167 167 167 167 167 167 167 174 161 174 174 174 174 174 174 174 174 174 174 174 174 174 0 0 0 0 0 0 0 0 0 0 0 0 0 0 0 0 0 0 0 0 0 0 0 0 0 0 0 0 0
0 0 0 0 0 0 0 0 0 0 0 0 0 0 0 0 0 0 0 0 0 0 0 0 0 0 0 0 0 0 0 0 0 0 0 0 0 0 0 0 0 0 0 0 0 0 0 0 0 0 0 0 108 108 115 110 110 110 110 110 110 110 110 110 111 111 111 111 170 121 170 170 170 170 171 171 171 171 171 124 122 122 122 122 122 129 129 129 129 129 129 143 143 143 143 143 143 143 143 143 143 143 143 143 143 143 143 143 137 137 137 137 137 137 137 137 137 137 138 138 138 138 138 139 139 139 139 139 139 139 139 139 139 157 157 157 157 157 157 149 149 158 158 159 159 159 159 159 159 154 154 154 154 154 154 160 160 160 164 164 162 165 165 165 165 165 172 168 169 169 169 169 169 169 169 169 169 175 175 175 173 173 173 173 146 146 146 146 146 146 146 146 146 146 146 181 181 180 180 180 180 180 180 180 180 180 167 167 167 167 167 167 167 167 167 167 167 167 167 167 167 167 167 167 174 174 174 174 174 174 174 174 174 174 174 174 174 174 0 0 0 0 0 0 0 0 0 0 0 0 0 0 0 0 0 0 0 0 0 0 0 0 0 0 0 0 0 0 0
0 0 0 0 0 0 0 0 0 0 0 0 0 0 0 0 0 0 0 0 0 0 0 0 0 0 0 0 0 0 0 0 0 0 0 0 0 0 0 0 0 0 0 0 0 0 0 0 0 0 0 0 0 108 110 110 110 110 110 110 110 110 110 110 110 111 170 170 170 170 170 170 170 170 170 171 171 171 171 171 171 171 171 122 129 129 129 129 129 129 143 143 143 143 143 143 143 143 177 177 177 177 177 143 143 143 143 143 137 137 137 137 137 137 137 137 137 137 137 138 138 138 138 139 139 139 139 139 139 139 139 139 139 157 157 157 157 157 157 158 158 158 158 159 159 159 159 159 154 154 154 154 154 154 154 160 160 160 164 164 164 162 165 165 165 165 165 172 168 169 169 169 169 169 169 169 169 169 175 175 175 175 175 175 146 146 146 146 146 146 175 183 183 183 181 181 181 181 180 180 180 180 180 180 180 167 167 167 167 167 167 167 167 167 167 167 167 167 167 167 167 167 167 174 174 174 174 174 174 174 174 174 174 174 174 174 174 0 0 0 0 0 0 0 0 0 0 0 0 0 0 0 0 0 0 0 0 0 0 0 0 0 0 0 0 0 0 0 0
0 0 0 0 0 0 0 0 0 0 0 0 0 0 0 0 0 0 0 0 0 0 0 0 0 0 0 0 0 0 0 0 0 0 0 0 0 0 0 0 0 0 0 0 0 0 0 0 0 0 0 0 0 0 0 110 110 110 110 110 110 110 110 110 110 110 170 170 170 170 170 170 170 170 170 170 171 171 171 171 171 171 171 171 129 129 129 129 129 129 129 143 143 143 143 143 176 177 177 177 177 177 177 177 177 177 143 177 177 137 137 137 137 137 137 137 137 137 137 137 138 138 138 139 139 139 139 139 139 139 139 139 157 157 157 157 157 157 158 158 158 158 158 159 159 159 159 154 154 154 154 154 154 154 154 160 160 160 164 164 164 164 165 165 165 165 165 172 172 178 178 178 178 178 178 178 178 178 169 175 175 175 175 175 175 175 146 146 175 175 175 183 183 181 181 181 181 181 180 180 180 180 180 180 167 167 167 167 167 167 167 167 167 167 167 167 167 167 167 167 167 167 174 174 174 174 174 174 174 174 174 174 174 174 174 0 0 0 0 0 0 0 0 0 0 0 0 0 0 0 0 0 0 0 0 0 0 0 0 0 0 0 0 0 0 0 0 0 0
0 0 0 0 0 0 0 0 0 0 0 0 0 0 0 0 0 0 0 0 0 0 0 0 0 0 0 0 0 0 0 0 0 0 0 0 0 0 0 0 0 0 0 0 0 0 0 0 0 0 0 0 0 0 0 110 110 110 110 110 110 110 110 110 110 110 170 170 170 170 170 170 170 170 170 170 170 171 171 171 171 171 171 171 171 129 129 129 129 129 129 143 143 143 176 176 176 176 177 177 177 177 177 177 177 177 177 177 177 137 137 137 137 137 137 137 137 137 137 137 137 137 137 139 139 139 139 139 139 139 139 139 157 157 157 157 157 157 158 158 158 158 159 159 159 159 159 154 154 154 154 154 154 154 154 160 160 160 164 164 164 164 164 165 165 165 165 165 172 179 178 178 178 178 178 178 178 178 178 169 175 175 175 175 175 175 175 175 175 175 183 183 183 181 181 181 181 180 180 180 180 167 167 167 167 167 167 167 167 167 167 167 167 167 167 167 167 167 167 174 174 174 174 174 174 174 174 174 174 174 174 174 174 174 0 0 0 0 0 0 0 0 0 0 0 0 0 0 0 0 0 0 0 0 0 0 0 0 0 0 0 0 0 0 0 0 0 0 0
0 0 0 0 0 0 0 0 0 0 0 0 0 0 0 0 0 0 0 0 0 0 0 0 0 0 0 0 0 0 0 0 0 0 0 0 0 0 0 0 0 0 0 0 0 0 0 0 0 0 0 0 0 0 0 0 110 110 110 110 110 110 110 110 110 110 170 170 170 170 170 170 170 170 170 170 170 171 171 171 171 171 171 171 171 129 129 129 129 129 129 176 176 176 176 176 176 176 177 177 177 177 177 177 177 177 177 177 177 177 137 137 137 137 137 137 137 137 137 137 137 137 137 139 139 139 139 139 139 139 139 139 157 157 157 157 157 157 158 158 158 158 159 159 159 159 154 154 154 154 154 154 154 154 160 160 160 160 160 164 164 164 164 164 165 165 165 165 172 179 179 179 178 178 178 178 178 178 178 178 169 175 175 175 175 175 175 175 175 175 183 183 183 181 181 181 181 181 180 180 167 167 167 167 167 167 167 167 167 167 167 167 167 167 167 167 167 174 174 174 174 174 174 174 174 174 174 174 174 174 174 174 174 174 0 0 0 0 0 0 0 0 0 0 0 0 0 0 0 0 0 0 0 0 0 0 0 0 0 0 0 0 0 0 0 0 0 0 0
0 0 0 0 0 0 0 0 0 0 0 0 0 0 0 0 0 0 0 0 0 0 0 0 0 0 0 0 0 0 0 0 0 0 0 0 0 0 0 0 0 0 0 0 0 0 0 0 0 0 0 0 0 0 0 0 0 110 110 110 110 110 110 110 110 110 110 170 170 170 170 170 170 170 170 170 171 171 171 171 171 171 171 171 171 129 129 129 129 129 129 176 176 176 176 176 176 177 177 177 177 177 177 177 177 177 177 177 177 177 177 137 137 137 137 137 137 137 137 137 137 137 184 139 139 139 139 139 139 139 139 139 139 157 157 157 157 158 158 158 158 158 159 159 159 159 154 154 154 154 154 154 160 160 160 160 160 160 160 164 164 164 164 164 165 165 165 165 172 179 179 179 179 179 178 178 178 178 178 178 178 169 175 175 175 175 175 175 175 183 183 183 181 181 181 181 181 181 180 180 167 167 167 167 167 167 167 167 167 188 188 188 188 188 167 167 174 174 174 174 174 174 174 174 174 174 174 174 174 174 174 174 174 174 0 0 0 0 0 0 0 0 0 0 0 0 0 0 0 0 0 0 0 0 0 0 0 0 0 0 0 0 0 0 0 0 0 0 0
0 0 0 0 0 0 0 0 0 0 0 0 0 0 0 0 0 0 0 0 0 0 0 0 0 0 0 0 0 0 0 0 0 0 0 0 0 0 0 0 0 0 0 0 0 0 0 0 0 0 0 0 0 0 0 0 0 0 110 110 110 110 110 110 110 110 170 170 170 170 170 170 170 170 171 171 171 171 171 171 171 171 171 171 171 129 129 129 129 129 176 176 176 176 176 176 176 176 177 177 177 177 177 177 177 177 177 177 177 177 177 177 177 137 137 137 137 137 184 184 184 184 184 139 139 139 139 139 139 139 139 139 157 157 157 157 157 158 158 158 158 158 158 159 159 159 154 154 154 154 154 154 160 160 160 160 160 160 160 164 164 164 164 164 165 165 165 165 172 179 179 179 179 179 178 178 178 178 178 178 178 169 175 175 175 182 183 183 183 183 183 183 181 181 181 181 181 181 167 167 167 167 167 167 167 167 167 188 188 188 188 188 188 188 188 174 174 174 174 174 174 174 174 174 174 174 174 174 174 174 192 192 192 0 0 0 0 0 0 0 0 0 0 0 0 0 0 0 0 0 0 0 0 0 0 0 0 0 0 0 0 0 0 0 0 0 0 0 0
0 0 0 0 0 0 0 0 0 0 0 0 0 0 0 0 0 0 0 0 0 0 0 0 0 0 0 0 0 0 0 0 0 0 0 0 0 0 0 0 0 0 0 0 0 0 0 0 0 0 0 0 0 0 0 0 0 0 110 110 110 110 110 110 110 0 170 170 170 170 170 170 170 170 171 171 171 171 171 171 171 171 171 171 171 129 129 129 129 129 176 176 176 176 176 176 176 176 177 177 177 177 177 177 177 177 177 177 177 177 177 177 177 177 177 184 184 184 184 184 184 184 184 184 139 139 139 139 139 139 139 139 157 157 157 157 157 158 158 158 158 158 158 159 159 159 154 154 154 154 154 154 160 160 160 160 160 160 160 164 164 164 164 164 165 165 165 165 165 172 172 179 179 179 179 178 178 178 178 178 178 169 169 175 182 182 182 183 183 183 183 183 181 181 181 181 181 181 167 167 167 167 167 167 167 167 167 188 188 188 188 188 188 188 174 174 174 174 174 174 174 174 174 174 174 174 174 174 174 192 192 192 192 0 0 0 0 0 0 0 0 0 0 0 0 0 0 0 0 0 0 0 0 0 0 0 0 0 0 0 0 0 0 0 0 0 0 0 0
0 0 0 0 0 0 0 0 0 0 0 0 0 0 0 0 0 0 0 0 0 0 0 0 0 0 0 0 0 0 0 0 0 0 0 0 0 0 0 0 0 0 0 0 0 0 0 0 0 0 0 0 0 0 0 0 0 0 0 110 110 110 110 0 0 0 0 0 0 170 170 170 170 0 171 171 171 171 171 171 171 171 171 171 171 171 129 129 129 176 176 176 176 176 176 176 176 176 177 177 177 177 177 177 177 177 177 177 177 177 177 177 177 177 177 184 184 184 184 184 184 184 184 184 184 139 139 139 139 139 139 139 157 157 157 157 157 158 158 158 158 158 158 159 159 159 154 154 154 154 154 154 160 160 160 160 160 160 160 164 164 164 164 164 165 165 165 165 165 165 165 179 179 179 179 178 178 178 178 178 178 169 169 182 182 182 182 183 183 183 183 183 185 181 181 187 187 187 187 187 187 167 167 167 167 188 188 188 188 188 188 188 188 195 174 174 174 174 174 174 174 174 174 174 174 174 174 174 192 192 192 192 192 0 0 0 0 0 0 0 0 0 0 0 0 0 0 0 0 0 0 0 0 0 0 0 0 0 0 0 0 0 0 0 0 0 0 0 0
0 0 0 0 0 0 0 0 0 0 0 0 0 0 0 0 0 0 0 0 0 0 0 0 0 0 0 0 0 0 0 0 0 0 0 0 0 0 0 0 0 0 0 0 0 0 0 0 0 0 0 0 0 0 0 0 0 0 0 110 110 110 0 0 0 0 0 0 0 0 0 0 0 0 0 171 171 171 171 171 171 171 171 171 171 171 129 129 129 176 176 176 176 176 176 176 176 176 177 177 177 177 177 177 177 177 177 177 177 177 177 177 177 177 184 184 184 184 184 184 184 184 184 184 184 184 186 186 139 139 139 157 157 157 157 157 157 157 158 158 158 158 158 159 159 159 159 154 154 154 154 154 160 160 160 160 160 160 164 164 164 164 164 165 165 165 165 165 165 165 165 165 179 179 179 179 178 178 178 178 178 169 169 182 182 182 182 183 183 183 183 183 183 185 181 187 187 187 187 187 187 187 187 187 187 188 188 188 188 188 188 188 195 195 174 174 174 174 174 174 174 174 174 174 192 192 174 192 192 192 192 192 0 0 0 0 0 0 0 0 0 0 0 0 0 0 0 0 0 0 0 0 0 0 0 0 0 0 0 0 0 0 0 0 0 0 0 0 0
0 0 0 0 0 0 0 0 0 0 0 0 0 0 0 0 0 0 0 0 0 0 0 0 0 0 0 0 0 0 0 0 0 0 0 0 0 0 0 0 0 0 0 0 0 0 0 0 0 0 0 0 0 0 0 0 0 0 0 0 0 0 0 0 0 0 0 0 0 0 0 0 0 0 0 171 171 171 171 171 171 171 0 0 0 0 0 0 176 176 176 176 176 176 176 176 176 176 177 177 177 177 177 177 177 177 177 177 177 177 177 177 177 177 193 193 184 184 184 184 184 184 184 186 186 186 186 186 186 186 186 157 157 157 157 157 157 157 157 158 158 158 158 158 159 159 159 154 154 154 154 154 154 160 160 160 160 160 164 164 164 164 164 165 165 165 165 189 189 190 165 165 179 179 179 179 179 178 178 178 178 178 182 182 182 182 182 183 183 183 183 183 183 185 185 185 187 187 187 187 187 187 187 187 188 188 188 188 188 188 188 195 195 195 174 174 174 174 174 174 174 174 174 192 192 192 192 192 192 192 192 192 0 0 0 0 0 0 0 0 0 0 0 0 0 0 0 0 0 0 0 0 0 0 0 0 0 0 0 0 0 0 0 0 0 0 0 0 0
0 0 0 0 0 0 0 0 0 0 0 0 0 0 0 0 0 0 0 0 0 0 0 0 0 0 0 0 0 0 0 0 0 0 0 0 0 0 0 0 0 0 0 0 0 0 0 0 0 0 0 0 0 0 0 0 0 0 0 0 0 0 0 0 0 0 0 0 0 0 0 0 0 0 0 0 171 171 171 171 171 0 0 0 0 0 0 0 176 176 176 176 176 176 176 176 176 176 177 177 177 177 177 177 177 177 177 177 177 177 177 177 177 177 193 193 193 193 193 193 193 193 193 186 186 186 186 186 186 186 186 157 157 157 157 157 157 157 157 158 158 158 158 158 159 159 159 154 154 154 154 154 154 160 160 160 160 160 160 164 164 164 164 165 165 165 165 189 189 190 190 165 165 179 179 179 179 179 178 178 178 178 182 182 182 182 182 183 183 183 183 183 183 185 185 191 185 187 187 187 187 187 187 187 187 188 188 188 188 188 188 195 195 195 174 174 174 174 174 174 174 174 192 192 192 192 192 192 192 192 192 192 0 0 0 0 0 0 0 0 0 0 0 0 0 0 0 0 0 0 0 0 0 0 0 0 0 0 0 0 0 0 0 0 0 0 0 0 0
0 0 0 0 0 0 0 0 0 0 0 0 0 0 0 0 0 0 0 0 0 0 0 0 0 0 0 0 0 0 0 0 0 0 0 0 0 0 0 0 0 0 0 0 0 0 0 0 0 0 0 0 0 0 0 0 0 0 0 0 0 0 0 0 0 0 0 0 0 0 0 0 0 0 0 0 0 171 0 0 0 0 0 0 0 0 0 0 0 176 0 0 0 176 176 176 176 177 177 177 177 177 177 177 177 177 177 177 177 177 177 177 177 177 193 193 193 193 193 193 193 193 193 186 186 186 186 186 186 186 186 157 157 157 157 157 157 157 157 158 158 158 158 158 158 159 159 154 154 154 154 154 154 160 160 160 160 160 160 160 160 164 189 189 165 165 189 189 189 190 190 190 190 179 179 179 179 179 178 178 178 178 182 182 182 182 182 183 183 183 183 183 183 185 191 191 185 185 187 187 187 187 187 187 187 188 188 188 188 195 195 195 195 195 174 174 174 174 174 174 174 192 192 192 192 192 192 192 192 192 0 0 0 0 0 0 0 0 0 0 0 0 0 0 0 0 0 0 0 0 0 0 0 0 0 0 0 0 0 0 0 0 0 0 0 0 0 0 0
0 0 0 0 0 0 0 0 0 0 0 0 0 0 0 0 0 0 0 0 0 0 0 0 0 0 0 0 0 0 0 0 0 0 0 0 0 0 0 0 0 0 0 0 0 0 0 0 0 0 0 0 0 0 0 0 0 0 0 0 0 0 0 0 0 0 0 0 0 0 0 0 0 0 0 0 0 0 0 0 0 0 0 0 0 0 0 0 0 0 0 0 0 0 176 176 176 177 177 177 177 177 177 177 177 177 177 177 177 177 177 177 177 177 193 193 193 193 193 193 193 193 193 193 194 194 194 186 186 186 186 186 157 157 157 157 157 157 157 158 158 158 158 158 158 158 159 154 154 154 154 154 160 160 160 160 160 160 160 160 160 189 189 189 189 189 189 189 189 189 190 190 190 190 190 179 178 178 178 178 178 178 178 182 182 182 182 182 182 183 183 183 191 191 191 191 191 185 187 187 187 187 187 187 187 187 188 188 188 195 195 195 195 174 174 174 174 174 174 174 174 192 192 192 192 192 192 192 192 0 0 0 0 0 0 0 0 0 0 0 0 0 0 0 0 0 0 0 0 0 0 0 0 0 0 0 0 0 0 0 0 0 0 0 0 0 0 0 0
0 0 0 0 0 0 0 0 0 0 0 0 0 0 0 0 0 0 0 0 0 0 0 0 0 0 0 0 0 0 0 0 0 0 0 0 0 0 0 0 0 0 0 0 0 0 0 0 0 0 0 0 0 0 0 0 0 0 0 0 0 0 0 0 0 0 0 0 0 0 0 0 0 0 0 0 0 0 0 0 0 0 0 0 0 0 0 0 0 0 0 0 0 0 0 176 177 177 177 177 177 177 177 177 177 177 177 177 177 177 177 177 177 177 193 193 193 193 193 193 193 193 193 194 194 194 194 194 186 186 186 186 157 157 157 157 157 157 157 158 158 158 158 158 158 158 158 154 154 154 154 154 160 160 160 160 160 160 160 160 160 189 189 189 189 189 189 189 189 190 190 190 190 190 190 178 178 178 178 178 178 178 178 182 182 182 182 182 182 182 182 191 191 191 191 191 191 185 187 187 187 187 187 187 187 187 195 195 195 195 195 195 195 174 174 174 174 174 174 174 192 192 192 192 192 192 192 192 192 0 0 0 0 0 0 0 0 0 0 0 0 0 0 0 0 0 0 0 0 0 0 0 0 0 0 0 0 0 0 0 0 0 0 0 0 0 0 0 0
0 0 0 0 0 0 0 0 0 0 0 0 0 0 0 0 0 0 0 0 0 0 0 0 0 0 0 0 0 0 0 0 0 0 0 0 0 0 0 0 0 0 0 0 0 0 0 0 0 0 0 0 0 0 0 0 0 0 0 0 0 0 0 0 0 0 0 0 0 0 0 0 0 0 0 0 0 0 0 0 0 0 0 0 0 0 0 0 0 0 0 0 0 0 0 0 0 177 177 177 177 177 177 177 177 177 177 177 177 177 177 177 177 177 193 193 193 193 193 193 193 193 194 194 194 194 194 194 194 186 186 186 157 157 157 157 157 157 157 158 158 158 158 158 158 158 158 154 154 154 154 154 160 160 160 160 160 160 160 160 160 160 189 189 189 189 189 189 189 190 190 190 190 190 190 178 178 178 178 178 178 178 178 182 182 182 182 182 182 182 182 191 191 191 191 191 191 191 187 187 187 187 187 187 187 187 187 195 195 195 195 195 195 174 192 192 174 192 192 192 192 192 192 192 192 192 192 0 0 0 0 0 0 0 0 0 0 0 0 0 0 0 0 0 0 0 0 0 0 0 0 0 0 0 0 0 0 0 0 0 0 0 0 0 0 0 0 0 0
0 0 0 0 0 0 0 0 0 0 0 0 0 0 0 0 0 0 0 0 0 0 0 0 0 0 0 0 0 0 0 0 0 0 0 0 0 0 0 0 0 0 0 0 0 0 0 0 0 0 0 0 0 0 0 0 0 0 0 0 0 0 0 0 0 0 0 0 0 0 0 0 0 0 0 0 0 0 0 0 0 0 0 0 0 0 0 0 0 0 0 0 0 0 0 0 0 177 0 0 0 177 177 177 177 177 177 177 177 177 177 177 177 177 193 193 193 193 193 193 193 193 194 194 194 194 194 194 194 194 194 194 194 157 157 157 157 157 158 158 158 158 158 158 158 158 158 158 154 154 154 154 160 160 160 160 160 160 160 160 160 160 189 189 189 189 189 189 189 190 190 190 190 190 190 178 178 178 178 178 178 178 178 178 182 182 182 182 182 182 182 191 191 191 191 191 191 191 187 187 187 187 187 187 187 187 187 195 195 195 195 195 195 192 192 192 192 192 192 192 192 192 192 192 192 192 0 0 0 0 0 0 0 0 0 0 0 0 0 0 0 0 0 0 0 0 0 0 0 0 0 0 0 0 0 0 0 0 0 0 0 0 0 0 0 0 0 0 0
0 0 0 0 0 0 0 0 0 0 0 0 0 0 0 0 0 0 0 0 0 0 0 0 0 0 0 0 0 0 0 0 0 0 0 0 0 0 0 0 0 0 0 0 0 0 0 0 0 0 0 0 0 0 0 0 0 0 0 0 0 0 0 0 0 0 0 0 0 0 0 0 0 0 0 0 0 0 0 0 0 0 0 0 0 0 0 0 0 0 0 0 0 0 0 0 0 0 0 0 0 0 177 177 177 177 177 177 177 177 177 0 0 0 193 193 193 193 193 193 193 194 194 194 194 194 194 194 194 194 194 194 194 194 157 157 157 157 158 158 158 158 158 158 158 158 158 158 154 154 154 160 160 160 160 160 160 160 160 160 160 160 189 189 190 189 189 190 190 190 190 190 190 190 190 190 178 178 178 178 178 178 178 178 182 182 182 182 182 182 182 191 191 191 191 191 191 191 187 187 187 187 187 187 187 187 187 195 195 195 195 195 195 192 192 192 192 192 192 192 192 192 192 192 0 0 0 0 0 0 0 0 0 0 0 0 0 0 0 0 0 0 0 0 0 0 0 0 0 0 0 0 0 0 0 0 0 0 0 0 0 0 0 0 0 0 0 0 0
0 0 0 0 0 0 0 0 0 0 0 0 0 0 0 0 0 0 0 0 0 0 0 0 0 0 0 0 0 0 0 0 0 0 0 0 0 0 0 0 0 0 0 0 0 0 0 0 0 0 0 0 0 0 0 0 0 0 0 0 0 0 0 0 0 0 0 0 0 0 0 0 0 0 0 0 0 0 0 0 0 0 0 0 0 0 0 0 0 0 0 0 0 0 0 0 0 0 0 0 0 0 0 177 177 177 177 0 0 0 0 0 0 0 0 193 193 193 193 193 193 194 194 194 194 194 194 194 194 194 194 194 194 194 194 157 157 157 158 158 158 158 158 158 158 158 158 158 158 158 154 160 160 160 160 160 160 160 160 160 160 160 190 190 190 190 190 190 190 190 190 190 190 190 190 199 199 178 178 178 199 178 178 178 182 182 182 182 182 182 196 196 196 191 191 191 197 197 197 197 197 187 187 187 187 187 187 195 195 195 195 195 195 195 192 192 192 192 192 192 192 192 0 0 0 0 0 0 0 0 0 0 0 0 0 0 0 0 0 0 0 0 0 0 0 0 0 0 0 0 0 0 0 0 0 0 0 0 0 0 0 0 0 0 0 0 0 0 0
0 0 0 0 0 0 0 0 0 0 0 0 0 0 0 0 0 0 0 0 0 0 0 0 0 0 0 0 0 0 0 0 0 0 0 0 0 0 0 0 0 0 0 0 0 0 0 0 0 0 0 0 0 0 0 0 0 0 0 0 0 0 0 0 0 0 0 0 0 0 0 0 0 0 0 0 0 0 0 0 0 0 0 0 0 0 0 0 0 0 0 0 0 0 0 0 0 0 0 0 0 0 0 0 0 0 0 0 0 0 0 0 0 0 0 193 193 193 193 193 193 194 194 194 194 194 194 194 194 194 194 194 194 194 194 194 194 158 158 158 158 158 158 158 158 158 158 158 158 158 154 160 160 160 160 160 160 160 160 160 160 160 190 190 190 190 190 190 190 190 190 190 190 190 190 199 199 199 178 199 199 199 178 178 182 182 182 182 196 196 196 196 196 196 197 197 197 197 197 197 197 197 187 187 187 187 187 195 195 195 195 195 195 195 192 192 192 192 192 192 192 0 0 0 0 0 0 0 0 0 0 0 0 0 0 0 0 0 0 0 0 0 0 0 0 0 0 0 0 0 0 0 0 0 0 0 0 0 0 0 0 0 0 0 0 0 0 0 0
0 0 0 0 0 0 0 0 0 0 0 0 0 0 0 0 0 0 0 0 0 0 0 0 0 0 0 0 0 0 0 0 0 0 0 0 0 0 0 0 0 0 0 0 0 0 0 0 0 0 0 0 0 0 0 0 0 0 0 0 0 0 0 0 0 0 0 0 0 0 0 0 0 0 0 0 0 0 0 0 0 0 0 0 0 0 0 0 0 0 0 0 0 0 0 0 0 0 0 0 0 0 0 0 0 0 0 0 0 0 0 0 0 0 0 0 193 193 193 193 193 0 194 194 194 194 194 194 194 194 194 194 194 194 194 194 194 194 158 158 158 158 158 158 158 158 158 158 158 158 0 0 0 160 160 160 160 160 160 160 160 160 190 190 190 190 190 190 190 190 190 190 190 190 199 199 199 199 199 199 199 199 178 178 182 182 182 182 196 196 196 196 196 196 197 197 197 197 197 197 197 197 197 197 187 187 195 195 195 195 195 195 195 192 192 192 192 192 192 192 192 0 0 0 0 0 0 0 0 0 0 0 0 0 0 0 0 0 0 0 0 0 0 0 0 0 0 0 0 0 0 0 0 0 0 0 0 0 0 0 0 0 0 0 0 0 0 0 0
0 0 0 0 0 0 0 0 0 0 0 0 0 0 0 0 0 0 0 0 0 0 0 0 0 0 0 0 0 0 0 0 0 0 0 0 0 0 0 0 0 0 0 0 0 0 0 0 0 0 0 0 0 0 0 0 0 0 0 0 0 0 0 0 0 0 0 0 0 0 0 0 0 0 0 0 0 0 0 0 0 0 0 0 0 0 0 0 0 0 0 0 0 0 0 0 0 0 0 0 0 0 0 0 0 0 0 0 0 0 0 0 0 0 0 0 0 0 0 0 0 0 194 194 194 194 194 194 194 194 194 194 194 194 194 194 194 194 194 194 158 158 158 158 158 158 158 158 158 158 0 0 0 0 160 160 160 160 160 160 160 160 190 190 190 190 190 190 190 190 198 198 199 199 199 199 199 199 199 199 199 199 199 199 182 182 182 196 196 196 196 196 196 196 197 197 197 197 197 197 197 197 197 197 0 187 195 195 195 195 195 195 0 192 192 192 192 192 192 192 192 0 0 0 0 0 0 0 0 0 0 0 0 0 0 0 0 0 0 0 0 0 0 0 0 0 0 0 0 0 0 0 0 0 0 0 0 0 0 0 0 0 0 0 0 0 0 0 0
0 0 0 0 0 0 0 0 0 0 0 0 0 0 0 0 0 0 0 0 0 0 0 0 0 0 0 0 0 0 0 0 0 0 0 0 0 0 0 0 0 0 0 0 0 0 0 0 0 0 0 0 0 0 0 0 0 0 0 0 0 0 0 0 0 0 0 0 0 0 0 0 0 0 0 0 0 0 0 0 0 0 0 0 0 0 0 0 0 0 0 0 0 0 0 0 0 0 0 0 0 0 0 0 0 0 0 0 0 0 0 0 0 0 0 0 0 0 0 0 0 0 0 194 194 194 194 194 194 194 194 194 194 194 194 194 194 194 194 194 158 158 158 158 158 158 158 158 158 0 0 0 0 0 0 0 160 160 160 0 160 160 190 190 190 190 190 190 190 190 198 198 198 199 199 199 199 199 199 199 199 199 199 199 199 199 196 196 196 196 196 196 196 196 196 197 197 197 197 197 197 197 197 0 0 0 195 195 0 0 0 0 0 192 192 192 192 192 192 192 0 0 0 0 0 0 0 0 0 0 0 0 0 0 0 0 0 0 0 0 0 0 0 0 0 0 0 0 0 0 0 0 0 0 0 0 0 0 0 0 0 0 0 0 0 0 0 0 0
0 0 0 0 0 0 0 0 0 0 0 0 0 0 0 0 0 0 0 0 0 0 0 0 0 0 0 0 0 0 0 0 0 0 0 0 0 0 0 0 0 0 0 0 0 0 0 0 0 0 0 0 0 0 0 0 0 0 0 0 0 0 0 0 0 0 0 0 0 0 0 0 0 0 0 0 0 0 0 0 0 0 0 0 0 0 0 0 0 0 0 0 0 0 0 0 0 0 0 0 0 0 0 0 0 0 0 0 0 0 0 0 0 0 0 0 0 0 0 0 0 0 0 0 194 194 194 194 194 194 194 194 194 194 194 194 194 194 194 194 194 158 158 158 158 158 158 158 0 0 0 0 0 0 0 0 0 0 0 0 0 0 0 190 190 190 190 190 190 198 198 198 198 198 199 199 199 199 199 199 199 199 199 199 199 199 196 196 196 196 196 196 196 196 196 196 197 197 197 197 197 197 0 0 0 0 0 0 0 0 0 0 0 0 0 0 192 192 192 192 0 0 0 0 0 0 0 0 0 0 0 0 0 0 0 0 0 0 0 0 0 0 0 0 0 0 0 0 0 0 0 0 0 0 0 0 0 0 0 0 0 0 0 0 0 0 0 0 0
0 0 0 0 0 0 0 0 0 0 0 0 0 0 0 0 0 0 0 0 0 0 0 0 0 0 0 0 0 0 0 0 0 0 0 0 0 0 0 0 0 0 0 0 0 0 0 0 0 0 0 0 0 0 0 0 0 0 0 0 0 0 0 0 0 0 0 0 0 0 0 0 0 0 0 0 0 0 0 0 0 0 0 0 0 0 0 0 0 0 0 0 0 0 0 0 0 0 0 0 0 0 0 0 0 0 0 0 0 0 0 0 0 0 0 0 0 0 0 0 0 0 0 0 194 194 194 194 194 194 194 194 194 194 194 194 194 194 194 194 194 194 158 158 158 158 158 0 0 0 0 0 0 0 0 0 0 0 0 0 0 0 0 190 190 190 190 190 190 198 198 198 198 198 198 199 199 199 199 199 199 199 199 199 199 199 196 196 196 196 196 196 196 196 196 196 196 197 197 197 197 0 0 0 0 0 0 0 0 0 0 0 0 0 0 0 192 192 192 0 0 0 0 0 0 0 0 0 0 0 0 0 0 0 0 0 0 0 0 0 0 0 0 0 0 0 0 0 0 0 0 0 0 0 0 0 0 0 0 0 0 0 0 0 0 0 0 0 0
0 0 0 0 0 0 0 0 0 0 0 0 0 0 0 0 0 0 0 0 0 0 0 0 0 0 0 0 0 0 0 0 0 0 0 0 0 0 0 0 0 0 0 0 0 0 0 0 0 0 0 0 0 0 0 0 0 0 0 0 0 0 0 0 0 0 0 0 0 0 0 0 0 0 0 0 0 0 0 0 0 0 0 0 0 0 0 0 0 0 0 0 0 0 0 0 0 0 0 0 0 0 0 0 0 0 0 0 0 0 0 0 0 0 0 0 0 0 0 0 0 0 0 0 194 194 194 194 194 194 194 194 194 194 194 194 194 194 194 194 194 194 194 158 158 158 158 158 0 0 0 0 0 0 0 0 0 0 0 0 0 0 0 0 0 190 190 190 190 198 198 198 198 200 198 201 199 199 199 199 199 199 199 199 199 199 199 196 196 196 196 196 196 196 196 196 196 197 197 197 0 0 0 0 0 0 0 0 0 0 0 0 0 0 0 0 0 192 192 0 0 0 0 0 0 0 0 0 0 0 0 0 0 0 0 0 0 0 0 0 0 0 0 0 0 0 0 0 0 0 0 0 0 0 0 0 0 0 0 0 0 0 0 0 0 0 0 0 0
0 0 0 0 0 0 0 0 0 0 0 0 0 0 0 0 0 0 0 0 0 0 0 0 0 0 0 0 0 0 0 0 0 0 0 0 0 0 0 0 0 0 0 0 0 0 0 0 0 0 0 0 0 0 0 0 0 0 0 0 0 0 0 0 0 0 0 0 0 0 0 0 0 0 0 0 0 0 0 0 0 0 0 0 0 0 0 0 0 0 0 0 0 0 0 0 0 0 0 0 0 0 0 0 0 0 0 0 0 0 0 0 0 0 0 0 0 0 0 0 0 0 0 0 0 194 194 194 194 0 194 194 194 194 194 194 194 194 194 194 194 194 194 158 158 158 158 0 0 0 0 0 0 0 0 0 0 0 0 0 0 0 0 0 0 0 190 198 198 198 198 200 200 200 198 201 201 199 199 199 201 201 199 199 199 199 199 196 196 196 196 196 196 196 196 196 196 196 197 0 0 0 0 0 0 0 0 0 0 0 0 0 0 0 0 0 0 0 0 0 0 0 0 0 0 0 0 0 0 0 0 0 0 0 0 0 0 0 0 0 0 0 0 0 0 0 0 0 0 0 0 0 0 0 0 0 0 0 0 0 0 0 0 0 0 0 0 0 0
0 0 0 0 0 0 0 0 0 0 0 0 0 0 0 0 0 0 0 0 0 0 0 0 0 0 0 0 0 0 0 0 0 0 0 0 0 0 0 0 0 0 0 0 0 0 0 0 0 0 0 0 0 0 0 0 0 0 0 0 0 0 0 0 0 0 0 0 0 0 0 0 0 0 0 0 0 0 0 0 0 0 0 0 0 0 0 0 0 0 0 0 0 0 0 0 0 0 0 0 0 0 0 0 0 0 0 0 0 0 0 0 0 0 0 0 0 0 0 0 0 0 0 0 0 194 194 0 0 0 0 0 0 0 0 0 194 194 194 194 194 194 194 194 158 158 0 0 0 0 0 0 0 0 0 0 0 0 0 0 0 0 0 0 0 0 0 198 198 198 198 200 200 200 200 201 201 201 199 199 201 201 203 203 203 199 196 196 196 196 196 196 196 196 196 196 196 196 0 0 0 0 0 0 0 0 0 0 0 0 0 0 0 0 0 0 0 0 0 0 0 0 0 0 0 0 0 0 0 0 0 0 0 0 0 0 0 0 0 0 0 0 0 0 0 0 0 0 0 0 0 0 0 0 0 0 0 0 0 0 0 0 0 0 0 0 0 0 0
0 0 0 0 0 0 0 0 0 0 0 0 0 0 0 0 0 0 0 0 0 0 0 0 0 0 0 0 0 0 0 0 0 0 0 0 0 0 0 0 0 0 0 0 0 0 0 0 0 0 0 0 0 0 0 0 0 0 0 0 0 0 0 0 0 0 0 0 0 0 0 0 0 0 0 0 0 0 0 0 0 0 0 0 0 0 0 0 0 0 0 0 0 0 0 0 0 0 0 0 0 0 0 0 0 0 0 0 0 0 0 0 0 0 0 0 0 0 0 0 0 0 0 0 0 0 0 0 0 0 0 0 0 0 0 0 194 194 194 194 194 194 194 0 0 0 0 0 0 0 0 0 0 0 0 0 0 0 0 0 0 0 0 0 0 0 0 198 198 200 200 200 200 200 200 201 201 201 201 201 201 203 203 203 203 203 196 196 196 196 196 196 196 196 196 196 196 0 0 0 0 0 0 0 0 0 0 0 0 0 0 0 0 0 0 0 0 0 0 0 0 0 0 0 0 0 0 0 0 0 0 0 0 0 0 0 0 0 0 0 0 0 0 0 0 0 0 0 0 0 0 0 0 0 0 0 0 0 0 0 0 0 0 0 0 0 0 0 0
0 0 0 0 0 0 0 0 0 0 0 0 0 0 0 0 0 0 0 0 0 0 0 0 0 0 0 0 0 0 0 0 0 0 0 0 0 0 0 0 0 0 0 0 0 0 0 0 0 0 0 0 0 0 0 0 0 0 0 0 0 0 0 0 0 0 0 0 0 0 0 0 0 0 0 0 0 0 0 0 0 0 0 0 0 0 0 0 0 0 0 0 0 0 0 0 0 0 0 0 0 0 0 0 0 0 0 0 0 0 0 0 0 0 0 0 0 0 0 0 0 0 0 0 0 0 0 0 0 0 0 0 0 0 0 0 0 0 0 0 0 194 194 0 0 0 0 0 0 0 0 0 0 0 0 0 0 0 0 0 0 0 0 0 0 0 0 0 200 200 200 200 200 200 200 202 202 202 201 203 203 203 203 203 203 203 203 196 196 196 196 196 196 196 196 196 196 0 0 0 0 0 0 0 0 0 0 0 0 0 0 0 0 0 0 0 0 0 0 0 0 0 0 0 0 0 0 0 0 0 0 0 0 0 0 0 0 0 0 0 0 0 0 0 0 0 0 0 0 0 0 0 0 0 0 0 0 0 0 0 0 0 0 0 0 0 0 0 0
0 0 0 0 0 0 0 0 0 0 0 0 0 0 0 0 0 0 0 0 0 0 0 0 0 0 0 0 0 0 0 0 0 0 0 0 0 0 0 0 0 0 0 0 0 0 0 0 0 0 0 0 0 0 0 0 0 0 0 0 0 0 0 0 0 0 0 0 0 0 0 0 0 0 0 0 0 0 0 0 0 0 0 0 0 0 0 0 0 0 0 0 0 0 0 0 0 0 0 0 0 0 0 0 0 0 0 0 0 0 0 0 0 0 0 0 0 0 0 0 0 0 0 0 0 0 0 0 0 0 0 0 0 0 0 0 0 0 0 0 0 0 194 0 0 0 0 0 0 0 0 0 0 0 0 0 0 0 0 0 0 0 0 0 0 0 0 0 200 200 200 200 200 200 200 200 202 202 201 203 203 203 203 203 203 203 203 196 196 196 196 196 196 196 196 196 196 0 0 0 0 0 0 0 0 0 0 0 0 0 0 0 0 0 0 0 0 0 0 0 0 0 0 0 0 0 0 0 0 0 0 0 0 0 0 0 0 0 0 0 0 0 0 0 0 0 0 0 0 0 0 0 0 0 0 0 0 0 0 0 0 0 0 0 0 0 0 0 0
0 0 0 0 0 0 0 0 0 0 0 0 0 0 0 0 0 0 0 0 0 0 0 0 0 0 0 0 0 0 0 0 0 0 0 0 0 0 0 0 0 0 0 0 0 0 0 0 0 0 0 0 0 0 0 0 0 0 0 0 0 0 0 0 0 0 0 0 0 0 0 0 0 0 0 0 0 0 0 0 0 0 0 0 0 0 0 0 0 0 0 0 0 0 0 0 0 0 0 0 0 0 0 0 0 0 0 0 0 0 0 0 0 0 0 0 0 0 0 0 0 0 0 0 0 0 0 0 0 0 0 0 0 0 0 0 0 0 0 0 0 0 0 0 0 0 0 0 0 0 0 0 0 0 0 0 0 0 0 0 0 0 0 0 0 0 0 0 200 200 200 200 200 200 200 202 202 202 202 202 203 203 203 203 203 203 203 203 196 196 196 196 196 196 196 196 0 0 0 0 0 0 0 0 0 0 0 0 0 0 0 0 0 0 0 0 0 0 0 0 0 0 0 0 0 0 0 0 0 0 0 0 0 0 0 0 0 0 0 0 0 0 0 0 0 0 0 0 0 0 0 0 0 0 0 0 0 0 0 0 0 0 0 0 0 0 0 0 0
0 0 0 0 0 0 0 0 0 0 0 0 0 0 0 0 0 0 0 0 0 0 0 0 0 0 0 0 0 0 0 0 0 0 0 0 0 0 0 0 0 0 0 0 0 0 0 0 0 0 0 0 0 0 0 0 0 0 0 0 0 0 0 0 0 0 0 0 0 0 0 0 0 0 0 0 0 0 0 0 0 0 0 0 0 0 0 0 0 0 0 0 0 0 0 0 0 0 0 0 0 0 0 0 0 0 0 0 0 0 0 0 0 0 0 0 0 0 0 0 0 0 0 0 0 0 0 0 0 0 0 0 0 0 0 0 0 0 0 0 0 0 0 0 0 0 0 0 0 0 0 0 0 0 0 0 0 0 0 0 0 0 0 0 0 0 0 0 200 200 200 200 200 200 200 202 202 202 202 202 203 203 203 203 203 203 203 0 0 196 196 196 196 196 196 196 0 0 0 0 0 0 0 0 0 0 0 0 0 0 0 0 0 0 0 0 0 0 0 0 0 0 0 0 0 0 0 0 0 0 0 0 0 0 0 0 0 0 0 0 0 0 0 0 0 0 0 0 0 0 0 0 0 0 0 0 0 0 0 0 0 0 0 0 0 0 0 0 0
0 0 0 0 0 0 0 0 0 0 0 0 0 0 0 0 0 0 0 0 0 0 0 0 0 0 0 0 0 0 0 0 0 0 0 0 0 0 0 0 0 0 0 0 0 0 0 0 0 0 0 0 0 0 0 0 0 0 0 0 0 0 0 0 0 0 0 0 0 0 0 0 0 0 0 0 0 0 0 0 0 0 0 0 0 0 0 0 0 0 0 0 0 0 0 0 0 0 0 0 0 0 0 0 0 0 0 0 0 0 0 0 0 0 0 0 0 0 0 0 0 0 0 0 0 0 0 0 0 0 0 0 0 0 0 0 0 0 0 0 0 0 0 0 0 0 0 0 0 0 0 0 0 0 0 0 0 0 0 0 0 0 0 0 0 0 0 0 200 200 200 200 200 200 200 202 202 202 202 202 203 203 203 203 203 203 203 0 0 0 0 0 0 0 0 196 0 0 0 0 0 0 0 0 0 0 0 0 0 0 0 0 0 0 0 0 0 0 0 0 0 0 0 0 0 0 0 0 0 0 0 0 0 0 0 0 0 0 0 0 0 0 0 0 0 0 0 0 0 0 0 0 0 0 0 0 0 0 0 0 0 0 0 0 0 0 0 0 0
0 0 0 0 0 0 0 0 0 0 0 0 0 0 0 0 0 0 0 0 0 0 0 0 0 0 0 0 0 0 0 0 0 0 0 0 0 0 0 0 0 0 0 0 0 0 0 0 0 0 0 0 0 0 0 0 0 0 0 0 0 0 0 0 0 0 0 0 0 0 0 0 0 0 0 0 0 0 0 0 0 0 0 0 0 0 0 0 0 0 0 0 0 0 0 0 0 0 0 0 0 0 0 0 0 0 0 0 0 0 0 0 0 0 0 0 0 0 0 0 0 0 0 0 0 0 0 0 0 0 0 0 0 0 0 0 0 0 0 0 0 0 0 0 0 0 0 0 0 0 0 0 0 0 0 0 0 0 0 0 0 0 0 0 0 0 0 0 200 200 200 200 200 200 202 202 202 202 202 202 202 203 203 203 203 203 203 203 0 0 0 0 0 0 0 0 0 0 0 0 0 0 0 0 0 0 0 0 0 0 0 0 0 0 0 0 0 0 0 0 0 0 0 0 0 0 0 0 0 0 0 0 0 0 0 0 0 0 0 0 0 0 0 0 0 0 0 0 0 0 0 0 0 0 0 0 0 0 0 0 0 0 0 0 0 0 0 0 0
0 0 0 0 0 0 0 0 0 0 0 0 0 0 0 0 0 0 0 0 0 0 0 0 0 0 0 0 0 0 0 0 0 0 0 0 0 0 0 0 0 0 0 0 0 0 0 0 0 0 0 0 0 0 0 0 0 0 0 0 0 0 0 0 0 0 0 0 0 0 0 0 0 0 0 0 0 0 0 0 0 0 0 0 0 0 0 0 0 0 0 0 0 0 0 0 0 0 0 0 0 0 0 0 0 0 0 0 0 0 0 0 0 0 0 0 0 0 0 0 0 0 0 0 0 0 0 0 0 0 0 0 0 0 0 0 0 0 0 0 0 0 0 0 0 0 0 0 0 0 0 0 0 0 0 0 0 0 0 0 0 0 0 0 0 0 0 0 200 200 200 200 200 202 202 202 202 202 202 202 202 203 203 203 203 203 203 203 0 0 0 0 0 0 0 0 0 0 0 0 0 0 0 0 0 0 0 0 0 0 0 0 0 0 0 0 0 0 0 0 0 0 0 0 0 0 0 0 0 0 0 0 0 0 0 0 0 0 0 0 0 0 0 0 0 0 0 0 0 0 0 0 0 0 0 0 0 0 0 0 0 0 0 0 0 0 0 0 0
0 0 0 0 0 0 0 0 0 0 0 0 0 0 0 0 0 0 0 0 0 0 0 0 0 0 0 0 0 0 0 0 0 0 0 0 0 0 0 0 0 0 0 0 0 0 0 0 0 0 0 0 0 0 0 0 0 0 0 0 0 0 0 0 0 0 0 0 0 0 0 0 0 0 0 0 0 0 0 0 0 0 0 0 0 0 0 0 0 0 0 0 0 0 0 0 0 0 0 0 0 0 0 0 0 0 0 0 0 0 0 0 0 0 0 0 0 0 0 0 0 0 0 0 0 0 0 0 0 0 0 0 0 0 0 0 0 0 0 0 0 0 0 0 0 0 0 0 0 0 0 0 0 0 0 0 0 0 0 0 0 0 0 0 0 0 0 0 200 200 200 200 200 202 202 202 202 202 202 202 202 203 203 203 203 203 203 203 0 0 0 0 0 0 0 0 0 0 0 0 0 0 0 0 0 0 0 0 0 0 0 0 0 0 0 0 0 0 0 0 0 0 0 0 0 0 0 0 0 0 0 0 0 0 0 0 0 0 0 0 0 0 0 0 0 0 0 0 0 0 0 0 0 0 0 0 0 0 0 0 0 0 0 0 0 0 0 0 0
0 0 0 0 0 0 0 0 0 0 0 0 0 0 0 0 0 0 0 0 0 0 0 0 0 0 0 0 0 0 0 0 0 0 0 0 0 0 0 0 0 0 0 0 0 0 0 0 0 0 0 0 0 0 0 0 0 0 0 0 0 0 0 0 0 0 0 0 0 0 0 0 0 0 0 0 0 0 0 0 0 0 0 0 0 0 0 0 0 0 0 0 0 0 0 0 0 0 0 0 0 0 0 0 0 0 0 0 0 0 0 0 0 0 0 0 0 0 0 0 0 0 0 0 0 0 0 0 0 0 0 0 0 0 0 0 0 0 0 0 0 0 0 0 0 0 0 0 0 0 0 0 0 0 0 0 0 0 0 0 0 0 0 0 0 0 0 0 0 0 200 200 202 202 202 202 202 202 202 202 202 203 203 203 203 203 203 0 0 0 0 0 0 0 0 0 0 0 0 0 0 0 0 0 0 0 0 0 0 0 0 0 0 0 0 0 0 0 0 0 0 0 0 0 0 0 0 0 0 0 0 0 0 0 0 0 0 0 0 0 0 0 0 0 0 0 0 0 0 0 0 0 0 0 0 0 0 0 0 0 0 0 0 0 0 0 0 0 0
0 0 0 0 0 0 0 0 0 0 0 0 0 0 0 0 0 0 0 0 0 0 0 0 0 0 0 0 0 0 0 0 0 0 0 0 0 0 0 0 0 0 0 0 0 0 0 0 0 0 0 0 0 0 0 0 0 0 0 0 0 0 0 0 0 0 0 0 0 0 0 0 0 0 0 0 0 0 0 0 0 0 0 0 0 0 0 0 0 0 0 0 0 0 0 0 0 0 0 0 0 0 0 0 0 0 0 0 0 0 0 0 0 0 0 0 0 0 0 0 0 0 0 0 0 0 0 0 0 0 0 0 0 0 0 0 0 0 0 0 0 0 0 0 0 0 0 0 0 0 0 0 0 0 0 0 0 0 0 0 0 0 0 0 0 0 0 0 0 0 0 0 202 202 202 202 202 202 202 202 202 203 203 203 203 203 0 0 0 0 0 0 0 0 0 0 0 0 0 0 0 0 0 0 0 0 0 0 0 0 0 0 0 0 0 0 0 0 0 0 0 0 0 0 0 0 0 0 0 0 0 0 0 0 0 0 0 0 0 0 0 0 0 0 0 0 0 0 0 0 0 0 0 0 0 0 0 0 0 0 0 0 0 0 0 0 0 0 0
0 0 0 0 0 0 0 0 0 0 0 0 0 0 0 0 0 0 0 0 0 0 0 0 0 0 0 0 0 0 0 0 0 0 0 0 0 0 0 0 0 0 0 0 0 0 0 0 0 0 0 0 0 0 0 0 0 0 0 0 0 0 0 0 0 0 0 0 0 0 0 0 0 0 0 0 0 0 0 0 0 0 0 0 0 0 0 0 0 0 0 0 0 0 0 0 0 0 0 0 0 0 0 0 0 0 0 0 0 0 0 0 0 0 0 0 0 0 0 0 0 0 0 0 0 0 0 0 0 0 0 0 0 0 0 0 0 0 0 0 0 0 0 0 0 0 0 0 0 0 0 0 0 0 0 0 0 0 0 0 0 0 0 0 0 0 0 0 0 0 0 0 0 202 202 202 202 202 202 202 0 203 203 203 203 0 0 0 0 0 0 0 0 0 0 0 0 0 0 0 0 0 0 0 0 0 0 0 0 0 0 0 0 0 0 0 0 0 0 0 0 0 0 0 0 0 0 0 0 0 0 0 0 0 0 0 0 0 0 0 0 0 0 0 0 0 0 0 0 0 0 0 0 0 0 0 0 0 0 0 0 0 0 0 0 0 0 0 0
0 0 0 0 0 0 0 0 0 0 0 0 0 0 0 0 0 0 0 0 0 0 0 0 0 0 0 0 0 0 0 0 0 0 0 0 0 0 0 0 0 0 0 0 0 0 0 0 0 0 0 0 0 0 0 0 0 0 0 0 0 0 0 0 0 0 0 0 0 0 0 0 0 0 0 0 0 0 0 0 0 0 0 0 0 0 0 0 0 0 0 0 0 0 0 0 0 0 0 0 0 0 0 0 0 0 0 0 0 0 0 0 0 0 0 0 0 0 0 0 0 0 0 0 0 0 0 0 0 0 0 0 0 0 0 0 0 0 0 0 0 0 0 0 0 0 0 0 0 0 0 0 0 0 0 0 0 0 0 0 0 0 0 0 0 0 0 0 0 0 0 0 0 0 0 202 202 202 202 0 0 0 0 0 0 0 0 0 0 0 0 0 0 0 0 0 0 0 0 0 0 0 0 0 0 0 0 0 0 0 0 0 0 0 0 0 0 0 0 0 0 0 0 0 0 0 0 0 0 0 0 0 0 0 0 0 0 0 0 0 0 0 0 0 0 0 0 0 0 0 0 0 0 0 0 0 0 0 0 0 0 0 0 0 0 0 0 0 0
0 0 0 0 0 0 0 0 0 0 0 0 0 0 0 0 0 0 0 0 0 0 0 0 0 0 0 0 0 0 0 0 0 0 0 0 0 0 0 0 0 0 0 0 0 0 0 0 0 0 0 0 0 0 0 0 0 0 0 0 0 0 0 0 0 0 0 0 0 0 0 0 0 0 0 0 0 0 0 0 0 0 0 0 0 0 0 0 0 0 0 0 0 0 0 0 0 0 0 0 0 0 0 0 0 0 0 0 0 0 0 0 0 0 0 0 0 0 0 0 0 0 0 0 0 0 0 0 0 0 0 0 0 0 0 0 0 0 0 0 0 0 0 0 0 0 0 0 0 0 0 0 0 0 0 0 0 0 0 0 0 0 0 0 0 0 0 0 0 0 0 0 0 0 0 0 202 0 0 0 0 0 0 0 0 0 0 0 0 0 0 0 0 0 0 0 0 0 0 0 0 0 0 0 0 0 0 0 0 0 0 0 0 0 0 0 0 0 0 0 0 0 0 0 0 0 0 0 0 0 0 0 0 0 0 0 0 0 0 0 0 0 0 0 0 0 0 0 0 0 0 0 0 0 0 0 0 0 0 0 0 0 0 0 0 0 0 0 0
0 0 0 0 0 0 0 0 0 0 0 0 0 0 0 0 0 0 0 0 0 0 0 0 0 0 0 0 0 0 0 0 0 0 0 0 0 0 0 0 0 0 0 0 0 0 0 0 0 0 0 0 0 0 0 0 0 0 0 0 0 0 0 0 0 0 0 0 0 0 0 0 0 0 0 0 0 0 0 0 0 0 0 0 0 0 0 0 0 0 0 0 0 0 0 0 0 0 0 0 0 0 0 0 0 0 0 0 0 0 0 0 0 0 0 0 0 0 0 0 0 0 0 0 0 0 0 0 0 0 0 0 0 0 0 0 0 0 0 0 0 0 0 0 0 0 0 0 0 0 0 0 0 0 0 0 0 0 0 0 0 0 0 0 0 0 0 0 0 0 0 0 0 0 0 0 0 0 0 0 0 0 0 0 0 0 0 0 0 0 0 0 0 0 0 0 0 0 0 0 0 0 0 0 0 0 0 0 0 0 0 0 0 0 0 0 0 0 0 0 0 0 0 0 0 0 0 0 0 0 0 0 0 0 0 0 0 0 0 0 0 0 0 0 0 0 0 0 0 0 0 0 0 0 0 0 0 0 0 0 0 0 0 0 0 0 0 0 0
0 0 0 0 0 0 0 0 0 0 0 0 0 0 0 0 0 0 0 0 0 0 0 0 0 0 0 0 0 0 0 0 0 0 0 0 0 0 0 0 0 0 0 0 0 0 0 0 0 0 0 0 0 0 0 0 0 0 0 0 0 0 0 0 0 0 0 0 0 0 0 0 0 0 0 0 0 0 0 0 0 0 0 0 0 0 0 0 0 0 0 0 0 0 0 0 0 0 0 0 0 0 0 0 0 0 0 0 0 0 0 0 0 0 0 0 0 0 0 0 0 0 0 0 0 0 0 0 0 0 0 0 0 0 0 0 0 0 0 0 0 0 0 0 0 0 0 0 0 0 0 0 0 0 0 0 0 0 0 0 0 0 0 0 0 0 0 0 0 0 0 0 0 0 0 0 0 0 0 0 0 0 0 0 0 0 0 0 0 0 0 0 0 0 0 0 0 0 0 0 0 0 0 0 0 0 0 0 0 0 0 0 0 0 0 0 0 0 0 0 0 0 0 0 0 0 0 0 0 0 0 0 0 0 0 0 0 0 0 0 0 0 0 0 0 0 0 0 0 0 0 0 0 0 0 0 0 0 0 0 0 0 0 0 0 0 0 0 0